68,398;68,313;68,147;235,147;402,147;402,314;402,398;318,399;318,315;318,230;152,231;152,313;151,398/2,1,3;4,3,5;3,10,9;9,5,6,8;8,7,6;10,11,1;0,12,11,1/12,0,2,4,6,7,9,10,12/arc_de_triomphe
225,227;309,233;309,261;309,395;475,394;392,312;392,230;392,149;309,148;309,177;226,177;226,143;141,143;226,261;225,395;58,394;141,311/0,15,14;1,3,4;12,16,0;8,1,5,6;12,11,0;8,7,6;10,9,2,13/14,15,16,12,11,10,9,8,7,5,4,3,2,13,14/arch
147,466;147,300;230,383;230,300;230,217;312,217;313,300;313,384;397,467;397,384;396,300;480,300;313,133;229,133;64,300/13,14,3;12,6,11;1,0,2;6,7,8,9;10,6,9;3,1,2;13,4,5,12/13,14,1,0,2,4,5,7,8,10,11,12,13/archway
444,401;362,319;445,317;362,235;278,319;362,402;195,235;195,318;111,319;195,403;111,403;27,319;195,152/12,11,7;6,9,5;3,4,5;3,1,0,2;8,11,10;1,5,0;7,8,10,9/12,11,10,0,2,3,4,6,12/arena
455,312;455,396;372,396;288,312;288,144;287,228;205,228;121,312;205,312;123,395;38,395;38,311;205,144/4,3,0;12,11,8;3,2,0;7,10,9,8;11,10,7;0,2,1;12,6,5,4/12,11,10,9,8,6,5,3,2,1,0,4,12/bridge
145,459;381,459;345,424;345,341;262,341;179,424;178,341;390,340;224,341;139,340;307,257;223,257;307,173;222,173;382,172;147,173;264,55/4,0,1;16,15,14;10,8,7;11,9,8,10;4,3,2;6,4,5;13,12,10,11/16,15,13,11,9,6,5,0,1,2,3,7,10,12,14,16/building
272,335;354,335;273,417;357,417;440,418;440,335;490,335;373,217;338,251;173,251;256,334;132,334;132,417;48,417;48,334;20,334;138,216/16,15,10;7,10,6;9,8,10;1,2,3,5;1,0,2;5,3,4;14,11,12,13/7,8,9,16,15,14,13,12,11,0,2,4,5,6,7/building1
434,339;493,281;493,397;375,279;256,279;315,339;198,339;256,398;21,398;222,196;222,278;138,279;138,196;264,196;98,195;181,112/11,8,7;3,7,2;15,14,13;11,6,5,4;6,5,7;1,0,2;9,12,11,10/15,14,12,11,8,2,1,0,3,5,4,10,9,13,15/building2
20,394;222,276;138,275;199,336;314,334;256,393;491,394;374,276;361,275;361,192;256,276;277,275;276,192;391,191;222,191;308,108/2,0,5;7,5,6;15,14,13;2,10,4,3;14,2,1;10,7,4;12,11,8,9/3,4,5,3;14,1,11,12,14;15,0,6,7,8,9,13,15/building3
230,227;360,226;480,393;314,227;313,310;313,393;229,393;229,310;147,393;63,393;146,310;145,227;124,226;242,108/13,12,1;3,5,2;0,10,4;10,7,8,9;11,0,10;0,3,4;7,6,5,4/13,12,11,10,9,8,7,6,2,3,1,13/building4
78,417;197,417;433,417;315,299;197,299;79,299;256,240;232,240;148,240;138,240;248,156;231,156;148,156;132,156;190,98/5,1,3;3,1,2;5,0,1;9,4,3,6;9,5,4;14,13,10;12,11,7,8/14,13,12,8,9,5,0,2,6,7,11,10,14/building5
378,130;318,189;316,309;230,228;231,310;398,394;231,394;64,394;183,275;165,275;64,275;80,275;183,192;165,192;81,192;64,191;124,133;378,246;398,227/3,7,6;6,5,18;10,8,7;1,2,17,0;16,15,12;4,2,6;13,14,11,9/16,15,14,11,10,7,5,18,17,0,1,2,4,3,8,9,13,12,16/building6
173,290;138,372;137,255;256,374;256,289;339,373;423,372;423,289;340,289;340,206;423,206;173,206;187,206;304,88/11,9,5;13,12,10;2,1,3;11,0,3,4;8,7,6;4,3,5;9,8,7,10/13,12,11,0,2,1,5,8,6,10,13/building7
223,348;395,265;388,348;395,348;478,348;478,265;492,265;374,146;305,265;220,265;256,264;122,265;138,348;123,348;39,347;38,265;20,265;139,147/7,10,6;17,16,10;8,0,2;9,8,0,12;11,13,14;15,11,14;1,3,4,5/17,16,15,14,13,11,9,12,2,8,1,3,4,5,6,7,10,17/building8
89,419;256,419;422,419;423,252;374,301;255,300;314,360;197,360;138,301;89,251;298,300;214,300;298,217;213,217;338,216;171,216;255,134/9,0,1;3,1,2;16,15,14;8,7,6,5;5,4,6;7,6,1;13,11,10,12/16,15,13,11,8,9,0,2,3,4,10,12,14,16/building9
74,199;133,258;26,365;192,365;444,364;361,365;443,281;359,282;276,365;276,281;193,281;276,198;443,198;353,198;269,115;193,198;186,198/11,8,12;15,2,3;14,16,13;7,8,5,6;0,1,15;6,5,4;9,10,15,11/14,16,0,1,2,3,10,9,8,4,6,7,12,13,14/building10
84,269;202,151;266,210;262,210;319,269;264,269;206,329;146,270;147,387;382,387;381,270;438,270;378,210;349,210;349,126;266,126/5,8,9;1,0,4;5,10,9;11,4,3,12;5,6,7;7,6,8;15,2,13,14/15,2,3,1,0,7,8,9,10,11,12,13,14,15/bungalow-01
361,449;362,366;363,282;278,282;278,366;244,330;126,449;243,211;225,210;125,211;142,210;243,127;226,128;142,128;126,127;184,69/5,6,0;5,6,9;9,5,7;3,4,0,1;2,3,1;15,14,11;12,13,10,8/15,14,13,10,9,6,0,2,3,4,5,7,8,12,11,15/bungalow-19
429,342;262,342;322,401;346,426;379,459;262,461;144,461;203,401;120,401;85,401;204,317;322,283;204,165;322,47/12,7,11;12,13,11;1,0,3;7,9,6,5;10,8,7;2,5,4;1,7,5,2/13,12,10,8,9,6,4,3,0,1,11,13/burj_al_arab_hotel
290,298;291,381;373,380;374,463;291,464;184,404;123,463;123,346;302,286;183,286;135,286;218,202;318,117;302,118;218,118;200,118;260,58/0,6,4;13,10,8;9,5,8;9,7,6,5;16,15,12;14,11,13;1,4,3,2/16,15,14,11,10,9,7,6,3,2,1,0,8,13,12,16/castle
424,509;189,509;249,450;308,392;332,416;248,332;332,331;248,248;332,164;248,166;290,206;407,89;172,89;332,88;248,88;332,5;248,5/3,1,0;12,11,10;8,7,6;7,5,4,6;5,2,3;9,10,7;16,15,13,14/16,14,12,9,2,1,0,4,8,11,13,15,16/chinese_table
367,488;131,488;131,371;249,371;190,312;249,252;307,311;367,253;224,109;307,192;306,107;223,24/3,0,7;3,1,0;2,3,1;8,11,10,9;9,7,6;4,2,3;6,5,4,3/11,8,9,6,5,2,1,0,7,9,10,11/cottage
338,384;338,501;279,442;220,383;161,442;101,501;101,384;161,325;279,324;161,206;279,88;160,88;220,28/9,4,8;8,9,10;10,11,9;7,6,5,4;12,11,10;0,2,1;0,8,3,2/12,11,7,6,5,3,1,0,8,10,12/eiffel_tower
170,338;88,337;88,422;171,422;337,422;420,421;338,339;337,254;254,321;254,338;172,255;135,204;253,203;372,203;312,143;194,143/10,3,4;11,8,13;7,9,4;15,12,13,14;15,11,12;6,5,4;0,1,2,3/15,11,8,13,14,15;9,10,0,1,2,5,6,7,9/exhibition_hall
310,242;429,360;429,444;345,444;345,360;279,360;279,444;111,444;195,359;111,277;195,275;111,192;194,108;111,108/9,7,6;0,8,1;12,11,10;11,9,8,10;8,5,6;13,12,11;4,3,2,1/12,13,7,6,5,4,3,2,1,0,8,12/factory
371,211;455,294;456,379;372,378;288,379;288,295;371,295;219,295;255,177;135,210;136,295;220,378;53,379;53,212;52,127/13,12,11;10,8,6;0,1,3;14,9,10,13;1,2,3;7,11,10;5,6,3,4/14,12,11,7,5,4,2,1,0,6,8,10,9,14/farmhouse
294,422;294,337;377,338;377,422;294,506;209,506;210,422;92,388;150,330;210,271;210,153;150,212;383,129;233,129;149,129;265,12/9,7,5;14,12,15;6,4,3;10,11,8,9;6,5,4;13,14,11;1,2,3,0/15,14,8,7,5,4,3,2,1,0,6,10,13,12,15/gazebo
153,458;236,459;319,459;319,375;236,375;237,292;153,375;352,208;319,208;153,208;118,208;235,90/11,10,7;9,8,3;9,6,5;5,3,2,4;5,6,4;2,4,1;1,0,6,4/11,10,9,0,2,8,7,11/granary
231,282;231,199;314,199;315,283;280,333;314,367;398,365;397,448;162,449;162,213;147,199;230,116/4,8,7;4,9,8;11,10,2;3,5,7,6;1,0,10;3,5,0;3,0,1,2/11,10,9,8,7,6,3,2,11/house
215,326;298,325;274,325;215,266;155,326;130,326;48,410;132,410;215,410;298,410;465,409;465,243;298,242;381,159/12,9,11;11,10,9;13,11,12;6,7,0,5;3,4,2;0,7,8;9,1,0,8/13,12,1,2,3,4,5,6,10,11,13/house2
312,292;62,410;144,410;144,327;145,242;229,243;311,410;429,410;395,376;395,290;312,244;313,209;329,160;313,160;229,160;212,159;271,100/10,4,6;4,2,6;0,7,6;11,9,8,0;3,2,1;16,15,12;13,14,5,10/16,15,14,5,4,3,1,7,8,9,11,13,12,16/house3
104,317;164,376;164,258;223,318;105,435;223,435;390,435;223,267;390,268;348,268;265,268;364,185;349,185;264,184;248,185;306,126/7,8,6;6,5,7;3,5,4;0,2,1,4;2,3,1;14,15,11;12,13,10,9/15,14,13,10,7,3,2,0,4,6,8,9,12,11,15/house4
95,391;144,273;261,391;378,390;378,273;378,189;395,189;336,129;276,188;294,189;294,272;260,272;200,212;95,224;84,212;142,154/1,2,4;13,0,2;4,3,2;12,11,1,14;7,6,8;15,12,14;9,5,4,10/15,14,13,0,3,5,6,7,8,9,10,11,15/house5
172,439;256,439;422,440;422,273;255,356;172,356;256,272;173,273;255,190;173,189;296,189;130,189;213,106/6,1,3;3,2,1;12,11,10;9,7,4,6;7,5,4;8,9,6;4,5,0,1/12,11,9,0,2,3,6,8,10,12/house6
236,365;236,282;153,365;69,448;154,448;389,448;270,331;388,212;371,212;271,213;288,213;389,129;372,130;288,130;271,130;330,70/7,6,5;6,4,5;9,6,7;2,0,4,3;14,15,11;1,0,2;10,13,12,8/15,14,13,10,9,6,0,1,2,3,5,7,8,12,11,15/house7
449,425;332,307;332,342;332,425;249,426;249,343;166,343;166,426;83,426;83,260;250,259;166,259;350,176;332,177;246,177;232,176;291,117/13,2,6;10,9,8;1,0,3;10,11,14,13;16,15,12;6,7,8;5,2,3,4/16,15,14,11,9,8,7,6,5,4,0,1,13,12,16/house8
107,438;190,355;190,438;357,355;357,438;440,438;440,353;357,271;274,270;190,270;315,188;274,188;190,188;149,187;232,104/9,7,4;4,2,9;14,13,10;7,3,5,6;1,2,0;3,5,4;8,9,12,11/14,13,12,1,0,5,6,7,8,11,10,14/house9
319,355;400,355;485,354;486,439;402,438;319,438;152,437;68,437;68,354;152,354;318,271;152,271;235,187/11,10,5;11,6,5;10,11,12;1,2,4,5;2,3,4;0,1,5;9,6,7,8/12,11,9,8,7,3,2,0,10,12/house10
92,503;259,503;426,503;342,418;259,336;342,333;259,250;283,226;342,167;223,166;340,166;256,166;256,84;340,84;356,83;240,84;298,24/4,2,1;4,1,0;6,5,8;6,5,3,4;9,7,8;15,14,16;13,10,11,12/16,15,12,11,9,7,6,4,0,2,3,8,10,13,14,16/lighthouse
135,506;251,506;370,505;311,446;194,446;311,328;194,210;194,92;253,151;312,92;310,69;252,128;193,69;252,10/6,4,5;9,5,6;5,3,4;4,3,2,1;7,8,6;4,0,1;11,12,13,10/13,12,11,10,13;7,8,9,3,2,0,4,7/monument
254,252;254,167;339,168;339,252;422,250;422,334;422,418;338,418;338,334;254,334;254,418;88,418;88,299;146,242;205,300/1,9,5;0,10,11;14,11,12;2,4,5,3;2,3,1;13,14,12;8,7,6,5/0,14,13,12,11,10,9,8,7,6,4,2,1,0/museum
226,301;60,468;227,467;227,417;287,359;287,476;346,419;405,478;405,359;404,241;387,241;286,241;304,240;404,158;388,158;304,158;287,158;346,98/11,5,8;0,1,2;11,9,8;11,0,3,4;8,6,7;17,16,13;14,15,12,10/17,16,15,12,11,1,2,3,4,5,6,7,9,10,14,13,17/naughty_fort
419,420;502,419;503,336;503,252;419,335;419,252;336,169;335,252;218,252;337,133;170,133;170,252;170,300;170,420;4,420/11,14,13;12,10,9;9,7,8;6,5,4,7;3,2,4;5,3,4;0,1,2,4/12,13,14,11,10,9,6,5,3,1,0,4,7,8,12/rainbow_bridge
216,102;216,338;334,221;334,373;417,373;416,456;334,457;216,457;135,457;217,374;134,374;50,457;50,373/1,2,6;1,2,0;1,7,6;9,8,11,10;10,12,11;8,7,9;3,4,5,6/2,0,9,12,11,5,4,3,2/research_center
267,162;384,280;301,281;267,280;267,363;301,363;384,363;444,422;325,422;159,422;159,340;76,339;159,256;149,246;267,127;207,186;207,67/12,9,8;4,13,14;0,3,1;6,7,8,4;15,14,16;12,10,11;2,5,6,1/0,14,16,15,13,12,11,10,9,7,6,1,0;2,3,4,5,2/science_museum
252,241;418,241;309,349;309,466;251,408;334,492;168,492;192,467;192,349;85,241;295,241;212,241;296,158;212,157;295,74;379,74/0,4,9;0,1,4;4,6,5;12,13,14,15;2,3,4;8,4,7;11,10,12,13/12,15,14,13,11,9,8,7,6,5,3,2,1,10,12/sculpture
147,474;381,474;324,417;382,358;323,299;264,357;204,415;144,355;204,296;264,239;383,239;148,239;265,121/5,1,0;12,11,10;9,10,5;9,5,6,8;8,7,6;9,8,11;4,3,2,5/12,11,8,7,6,0,1,2,3,4,10,12/spiral_tower
509,374;509,291;427,290;427,206;343,290;427,374;260,374;260,207;176,291;92,207;92,291;94,374;8,375;8,291/7,11,6;6,5,7;4,5,3;8,10,12,11;10,13,12;9,8,10;2,1,0,5/2,3,4,7,8,9,10,13,12,0,1,2/stadium-06
362,193;327,227;328,311;411,311;412,395;328,394;159,311;162,394;76,394;243,310;76,311;161,228;126,193/1,5,7;9,12,0;9,11,10;6,9,7,8;1,2,3;6,10,8;2,3,4,5/1,0,12,11,10,8,4,3,1/stadium-26
90,410;6,409;87,327;172,326;172,242;256,409;340,327;340,242;256,242;256,159;341,159;507,159/8,0,5;6,11,10;6,8,5;3,2,1,0;8,6,7;4,3,8;9,10,7,8/11,9,8,4,3,2,1,5,11/stairway
178,467;344,467;343,301;320,124;380,185;320,243;377,301;261,301;178,301;142,301;202,241;143,183;202,124;261,183/8,0,1;1,8,2;7,13,9;13,3,5,7;3,4,5;6,7,5;13,12,11,10/13,12,11,10,9,8,0,1,2,6,5,4,3,13/stone_mill
402,311;318,311;319,395;234,395;67,395;66,227;150,311;234,228;234,311;402,143;402,277;462,218;462,335;403,395/7,4,3;8,0,9;6,5,4;10,11,12,13;0,2,13;1,2,0;1,2,3,8/8,7,6,5,4,13,12,11,10,9,8/sydney_opera_house
145,285;146,451;229,451;228,368;312,369;312,452;396,452;396,285;311,285;228,284;228,201;152,201;270,83;388,201;312,201/8,0,1;11,12,13;7,6,4;4,3,8,7;4,5,6;3,2,1;10,14,8,9/14,13,12,11,10,9,0,1,2,3,4,5,6,7,8,14/ten_booths
376,180;393,180;334,121;276,179;293,180;293,261;377,261;434,261;436,378;317,379;142,319;82,379;82,261;141,201;200,262/14,9,7;14,11,9;7,8,9;13,12,11,10;14,10,13;3,1,2;4,0,6,5/4,3,2,1,0,6,7,8,11,12,13,14,5,4/villa
385,227;385,395;219,394;135,395;219,312;219,228;135,312;135,228;218,144;303,144/5,1,0;1,2,5;5,0,9;9,5,7,8;7,5,4;4,6,7;4,2,3,6/9,8,7,3,1,0,9/warehouse
201,342;260,400;318,342;342,366;342,450;508,450;343,282;259,283;176,367;176,450;8,450;176,283;344,198;261,198;343,116;426,116/11,10,9;6,4,5;6,11,13;12,15,14,13;7,8,11;7,6,3;2,7,0,1/13,12,15,14,10,9,8,0,1,2,3,4,5,13/yurts
334,427;251,428;250,345;168,428;84,511;84,427;167,344;333,179;334,344;452,226;406,181;334,109;289,64;330,64;406,64;446,64;388,6/7,8,6;8,9,11;10,14,12;2,3,5,6;3,4,5;13,16,15;2,8,0,1/14,15,16,13,12,11,7,5,4,2,1,0,8,9,10,14/albertonykus
425,230;509,230;509,314;508,398;425,314;424,397;343,316;342,230;342,396;293,348;58,348;175,230;116,289;58,231;10,230;93,147/11,10,9;8,7,11;11,15,14;7,6,5,4;0,1,2;11,13,12;4,5,3,2/1,3,5,6,8,9,10,12,13,14,15,11,7,4,2,0,1/albertosaurus
420,281;504,282;504,198;420,198;420,250;407,168;408,250;325,250;254,250;336,334;255,334;171,418;171,334;88,417;87,291;87,250;87,206;4,208;4,124;420,416/8,13,15;8,4,19;9,8,12;14,16,18,17;10,11,12;6,7,5;3,2,1,0/4,6,5,7,15,16,18,17,14,13,12,11,10,9,19,0,1,2,3,4/allosaurus
340,371;339,453;256,453;297,496;213,496;213,411;256,370;173,371;113,430;113,263;340,204;280,263;280,144;340,86;280,28;398,28/11,8,9;7,0,10;15,14,12;13,12,11,10;5,4,3;2,6,7;6,2,1,0/13,15,14,11,9,8,7,5,4,3,2,1,13/amphicoelias
177,467;261,467;260,384;353,384;413,444;472,384;412,383;295,266;177,384;145,265;59,265;143,181;226,182;227,98;227,63;344,63/7,10,8;8,6,7;12,15,14;11,10,9,12;3,4,5;13,11,12;2,1,0,8/9,15,14,13,10,8,0,1,2,3,4,5,6,7,9/apatosaurus
250,506;333,506;332,422;278,477;361,394;331,363;278,310;448,245;376,244;212,245;259,126;200,185;140,245;200,67;140,126;21,126;81,67;141,8/10,12,8;7,5,9;6,4,3;11,12,14,13;16,14,15;2,1,0;14,16,17,13/11,13,17,15,14,12,9,6,3,0,1,2,4,5,7,8,10,11/archaeornithomimus
244,298;328,298;244,381;244,449;126,333;115,344;115,461;56,403;44,415;44,248;210,248;244,214;329,214;412,131;328,131;411,47;494,131/11,4,3;10,8,9;14,15,16;13,12,11,14;5,7,6;0,1,2;1,0,11,12/13,16,15,10,9,8,7,6,5,4,3,2,1,12,13/bactrosaurus
262,505;346,505;346,421;400,475;233,308;400,308;424,307;307,190;249,247;189,308;188,190;248,132;248,49;164,132;131,132;47,131;165,49;164,13/7,6,9;4,5,3;13,15,17;11,10,9,8;2,1,0;14,11,10;11,13,16,12/8,12,16,17,15,14,10,9,4,2,0,1,2,3,5,6,7,8/becklespinax
509,353;508,470;390,353;357,353;357,437;274,437;190,437;273,352;391,234;155,234;214,294;97,293;123,234;39,234;64,174;4,234/8,7,9;7,0,8;2,0,1;10,11,13,9;12,14,15;7,6,5;4,3,7,5/7,6,4,3,2,1,0,8,12,14,15,13,11,10,7/brachiosaurus
267,495;151,380;150,495;92,437;102,426;102,259;185,259;268,260;185,176;269,176;351,93;268,92;352,9;384,42;468,42;467,126;434,93/7,4,5;7,0,1;11,12,16;10,9,8,11;13,14,15;1,2,3;6,7,9,8/0,9,10,16,15,14,13,12,8,6,5,4,3,2,1,0/camarasaurus
503,459;503,375;419,375;388,287;446,229;506,288;447,347;329,463;328,395;329,229;161,229;147,229;263,228;205,169;175,168;88,170;11,169;94,86/9,6,7;8,9,10;16,17,14;15,11,12,13;2,0,1;3,9,4;5,6,3,4/2,5,4,12,13,14,17,16,15,11,10,8,7,2,0,1,2/cedarpelta
470,347;388,346;470,430;386,430;304,347;303,430;137,430;220,347;304,263;137,263;53,263;136,179;137,155;54,154;137,71;137,96/9,5,8;8,9,15;7,5,6;8,4,3,1;9,10,11;12,14,13;1,0,2,3/3,4,5,6,7,9,10,11,12,13,14,15,8,1,0,2,3/chilantaisaurus
292,266;511,384;452,443;412,384;394,385;334,502;216,502;334,384;175,384;92,149;8,149;92,65;175,149;176,65;259,148;259,231/12,8,0;0,8,3;7,5,6;15,14,13,12;9,10,11;4,2,1;12,13,11,9/8,12,10,11,13,14,15,3,1,2,4,7,5,6,7,8/coelurus
214,360;214,276;338,486;255,485;297,443;339,401;297,360;297,276;464,276;380,276;213,312;95,312;214,194;214,109;130,110;47,110;130,26/1,9,13;7,4,8;12,10,11;14,16,13,12;5,2,3;14,16,15;6,0,1,7/9,16,15,14,12,11,10,0,6,4,3,2,5,8,9/corythosaurus
165,499;106,440;165,382;49,382;9,381;245,381;127,263;281,345;363,346;362,263;445,263;500,180;446,180;362,181;335,181;418,97/6,9,5;5,6,4;14,15,11;10,8,7,9;2,0,1;2,1,3;13,12,10,9/15,14,13,9,6,4,3,0,2,5,7,8,10,12,11,15/cryolophosaurus
398,275;398,442;280,325;245,325;163,407;163,325;80,325;163,242;163,207;65,109;231,109;232,275;315,275;315,191;232,191;397,108;314,108/0,1,11;11,10,9;8,5,2;14,13,15,16;7,6,5;3,4,5;11,12,13,14/14,10,9,8,7,6,5,4,3,2,1,0,12,13,15,16,14/darwinopterus
304,320;304,446;221,446;304,363;304,403;353,355;385,387;327,446;444,445;471,471;471,236;305,237;220,236;221,320;138,153;138,237;21,237;138,119/10,9,5;4,11,10;17,16,15;12,14,15,13;3,2,1;7,8,6;0,11,12,13/15,16,17,14,12,10,9,8,7,6,5,4,1,2,3,0,13,15/dimetrodon
474,378;357,495;238,498;297,439;356,379;297,320;238,379;357,260;238,226;238,141;155,144;38,143;155,59;155,25/7,0,1;6,9,7;13,11,10;12,9,8,10;5,4,7;6,2,3;3,4,5,6/8,10,11,13,12,0,1,4,2,8/diplodocus
491,309;374,191;375,261;375,309;375,344;458,427;375,428;208,261;208,345;208,428;125,344;124,428;42,345;42,260/7,9,6;6,2,7;3,0,1;10,11,12,13;7,8,10;4,6,5;8,9,11,10/1,2,7,10,13,12,11,5,4,3,0,1/edaphosaurus
498,100;465,101;440,42;381,101;381,184;464,185;298,184;299,351;362,484;278,485;298,420;278,400;263,386;180,302;97,385;180,386;98,468;13,468/5,7,6;6,10,13;13,14,12;15,14,17,16;9,8,11;3,0,2;1,5,4,3/5,1,0,2,3,4,6,17,16,15,12,11,9,8,10,7,5/elopteryx
165,287;250,370;332,287;414,369;415,454;332,372;332,454;307,429;190,429;165,454;164,344;82,343;165,260;165,179;81,178;80,95;165,120;165,95/2,0,16;0,9,2;2,6,1;2,3,4,5;1,7,8;12,10,11;13,14,15,17/3,16,17,15,14,13,12,11,10,9,8,7,6,5,4,3/epanterias
262,477;178,478;178,395;154,417;155,501;72,500;239,333;72,332;239,250;238,166;322,250;382,191;322,166;322,132;381,73;322,15;440,15/9,6,7;6,5,7;15,13,16;14,13,10,11;2,1,0;3,4,5;9,8,10,12/14,16,15,12,9,7,5,4,3,2,1,0,2,6,8,10,11,14/euhelopus
379,227;438,285;496,345;379,345;379,394;270,286;153,404;212,227;330,226;271,166;152,168;152,286;118,286;117,369;34,286;34,369/7,4,0;5,6,10;10,14,11;10,9,8,7;1,2,3;3,1,0;12,13,15,14/12,13,15,14,10,9,8,0,2,3,4,5,6,11,12/gastonia
235,295;186,261;269,178;269,261;353,178;353,143;437,143;436,226;353,227;353,295;436,379;353,379;353,414;402,463;234,344;175,403;150,379;234,463;68,463/4,12,0;0,17,13;17,18,16;1,3,4,2;14,15,17;9,11,10;8,7,6,5/8,7,6,5,4,2,1,3,0,14,15,16,18,13,12,11,10,9,8/giganotosaurus
512,342;456,284;398,343;339,283;421,200;256,200;231,176;231,343;289,401;172,402;123,284;65,343;65,224;6,284;6,402/6,7,11;7,2,6;5,3,4;1,3,2,0;11,14,13;7,8,9;11,13,12,10/8,7,0,1,3,4,5,6,10,12,13,14,11,7,9,8/gobisaurus
274,487;357,487;356,403;315,445;481,278;314,278;230,195;206,218;147,278;206,101;147,161;89,219;89,101;148,42/3,4,5;5,3,8;8,5,6;8,7,9,10;10,11,12;2,1,0;10,12,13,9/10,11,12,13,9,7,6,5,4,2,1,0,3,8,10/hadrosaurs
288,241;372,157;371,323;372,408;288,324;372,490;206,491;205,324;371,74;204,74;204,241;169,240;122,240;111,181;52,240/9,8,10;7,6,5;2,1,0;4,3,2,0;11,13,14;12,10,7;4,0,10,7/10,8,9,10,11,13,14,12,7,6,5,7,4,3,1,0,10/hatzegopteryx
269,265;268,276;234,311;68,310;68,477;151,394;269,511;269,432;269,348;352,348;353,265;293,240;353,180;352,63;293,122;293,5;411,5/2,4,3;1,5,6;14,15,16;13,12,11,14;0,10,12;9,7,8;8,9,10,0/13,16,15,11,0,1,2,3,4,5,6,7,9,13/homealocephale
398,112;398,60;481,143;399,143;315,112;398,194;315,195;315,237;315,279;399,320;315,321;314,445;352,482;234,482;234,365;206,337;148,278;90,338;30,278/8,11,16;16,8,4;14,12,13;15,17,18,16;7,9,10;3,2,1;0,4,6,5/1,0,4,16,18,17,15,14,13,12,11,10,9,7,6,5,3,2,1/hoplitosaurus
476,508;477,425;394,425;394,342;311,342;227,341;267,382;102,382;185,299;227,174;143,174;61,175;61,91;144,91;26,90;84,31/9,5,11;9,5,3;8,6,7;3,2,0,1;13,15,14;4,2,3;10,11,12,13/10,13,15,14,12,11,8,7,6,5,4,0,1,9,10/hurt_dragon
509,288;451,229;392,171;392,288;439,288;438,455;337,354;272,288;220,236;223,232;140,148;139,197;56,197;56,280;139,280;140,315;185,354;101,354;103,436;18,437/4,5,7;6,8,17;15,9,10;17,16,18,19;3,0,1;1,3,2;11,14,13,12/4,0,2,3,7,8,9,10,11,12,13,14,15,19,18,16,6,5,4/hylaeosaurus
310,407;394,491;227,491;227,324;60,324;1,265;119,265;143,240;310,324;393,323;310,240;394,240;477,157;393,156;509,156;451,97/10,7,0;1,2,3;3,7,4;10,11,12,13;6,4,5;13,14,15;10,11,9,8/11,12,14,15,10,7,6,5,4,3,2,1,0,8,9,11/hypsilophodon
129,219;211,137;212,219;244,220;328,304;494,304;411,387;470,447;352,447;293,387;244,387;193,338;136,279;77,338;77,220;18,279/14,10,3;3,10,6;6,4,5;6,9,8,7;12,11,13;0,2,1;14,12,13,15/2,1,0,14,15,13,11,10,9,8,7,6,5,4,3,2/ichthyosauria
254,188;137,307;212,382;212,466;296,466;255,424;255,304;314,246;314,231;397,231;397,148;481,147;398,65;314,147;314,128;147,128;147,213;147,296;64,296/14,17,15;0,1,5;13,11,12;14,0,6,7;2,3,4;16,17,18;13,8,9,10/7,8,9,10,11,12,13,14,15,16,18,17,1,2,3,4,5,6,7/ichthyovenator
506,143;506,309;481,284;422,225;305,225;364,284;246,167;128,285;68,344;186,343;245,403;128,403;10,402/6,5,7;7,5,10;3,1,0;3,2,5,4;9,11,10;8,12,11;11,9,7,8/3,4,6,12,10,5,2,1,0,3/koolasuchus
316,416;232,416;256,391;316,331;316,215;482,214;400,131;423,107;256,107;255,274;148,215;89,273;89,156;30,215;30,332/8,7,9;9,8,11;4,6,5;4,9,2,3;3,1,0;11,14,13;13,11,10,12/10,12,13,14,11,9,2,1,0,4,5,6,7,8,10/majungatholus
237,345;235,495;118,379;113,383;113,500;54,442;54,275;221,275;236,261;320,260;320,177;236,177;319,94;403,94;403,10;486,94/8,2,1;7,6,5;12,14,15;13,12,11,10;9,0,8;3,5,4;8,9,10,11/3,2,1,0,9,10,13,15,14,11,8,7,6,5,4,3/mamenchisaurus
380,24;463,106;380,107;380,172;379,55;320,114;320,232;261,173;144,173;202,233;320,350;261,292;202,351;143,292;143,376;309,459;142,459;60,458/5,9,10;13,16,15;13,7,8;5,4,3,6;14,17,16;1,2,0;11,12,13,9/2,1,0,4,7,8,14,17,15,12,11,10,6,3,2/nanshiungosaurus
511,218;484,141;392,136;357,212;434,247;484,248;400,248;400,284;484,331;401,331;401,449;234,283;317,366;151,367;67,450;67,401;66,283;7,342;7,460/11,16,14;11,7,10;12,13,11;16,17,18,15;3,4,2;1,0,4;5,6,9,8/3,4,6,7,16,17,18,15,14,13,12,10,9,8,5,4,0,1,4,2,3/nodocephalosaurus
339,259;505,259;468,381;468,464;384,381;339,425;287,373;287,457;204,457;289,258;231,199;172,258;114,199;55,259;114,318;30,234;31,400/0,1,5;5,0,11;14,15,16;11,12,10,9;6,8,7;4,2,3;11,12,13,14/1,9,10,12,13,15,16,11,6,8,7,6,5,4,3,2,4,1/olorotitan
352,354;411,295;470,354;495,329;495,496;411,413;293,414;242,363;176,296;124,245;64,304;6,363;64,186;124,127;6,128/8,6,1;7,9,11;5,4,3;10,9,13,12;0,5,6;12,14,13;1,2,5,0/14,12,10,11,7,6,5,4,3,2,1,8,9,13,14/ophiacodon
496,432;436,491;436,462;437,372;437,225;319,345;318,461;201,461;270,392;270,308;271,224;187,308;186,223;103,225;103,141;103,187;20,186;103,104/10,4,8;5,2,4;5,6,7;11,12,14,13;3,0,1;16,17,15;12,11,9,10/17,16,15,13,11,9,8,7,6,5,2,1,0,3,4,12,14,17/oviraptor
236,342;320,259;320,493;202,376;118,460;118,224;154,259;236,258;320,176;236,175;320,92;378,33;462,33;462,117;403,92;435,91/1,2,3;0,4,5;6,0,1;8,9,10,14;13,12,11;11,15,10;8,9,7,1/14,15,13,12,11,9,7,6,5,4,3,2,8,14/plesiosauru
31,106;30,341;148,224;89,400;325,400;148,341;90,283;207,282;291,365;374,282;434,223;493,281;458,283;375,365/2,0,1;7,3,4;8,9,7;8,9,12,13;9,10,11;7,5,6;6,1,3,5/9,6,2,0,1,3,4,8,13,12,11,10,9/pliosaurus
388,305;389,222;367,56;200,56;367,222;304,223;305,306;368,305;311,462;155,405;222,306;138,222;138,139;55,222;472,388;472,305/4,2,3;7,8,9;5,10,11;0,1,15,14;12,13,11;5,6,10;5,6,0,1/4,11,12,13,11,10,7,9,8,7,0,14,15,1,4,2,3,4/preondactylus
315,352;424,460;424,293;503,294;444,235;386,293;257,293;197,352;139,294;198,234;225,206;108,324;107,287;25,204;108,120;108,88;281,353;198,436;114,435/6,1,2;10,15,11;12,13,14;7,18,17,16;0,6,7;5,3,4;6,9,8,7/4,5,6,9,10,15,14,13,12,11,8,7,18,17,16,0,1,2,3,4/protoceratops
492,209;342,138;301,300;379,329;415,403;305,364;273,379;196,350;149,371;42,421;70,343;99,265;177,293;190,260;150,170;268,52;270,289/1,0,16;15,14,16;2,13,8;7,6,3,2;8,10,9;5,4,3;12,11,10,8/1,16,15,14,16,13,12,11,9,7,6,5,4,3,16,0,1/pteranodon
269,270;210,211;102,103;269,103;269,187;293,211;411,211;469,270;352,271;270,353;269,436;103,435;209,329;92,329;150,270;91,211/0,11,10;0,3,2;4,8,9;5,8,7,6;1,15,14;14,13,12;12,14,1,0/6,5,4,3,2,1,15,14,13,12,11,10,9,8,7,6/pterodactylus
147,50;314,50;396,134;481,135;398,217;314,217;481,301;481,468;314,301;230,301;230,217;147,301;63,218;63,384/5,1,0;8,6,7;11,12,13;5,4,3,2;4,5,8;10,9,11;10,5,8,9/5,1,0,5,10,11,12,13,11,8,7,6,8,3,2,5/pterosauria
327,210;219,102;386,102;446,185;505,244;387,244;386,269;385,436;219,436;326,327;291,244;268,268;209,327;208,244;124,327;124,444;5,327/6,1,2;6,7,8;14,15,16;14,13,10,12;5,3,4;11,9,12;11,0,6,9/5,2,1,0,10,13,14,16,15,14,9,8,7,5,4,3,5/quetzalcoatlus
490,245;365,371;364,454;281,454;322,412;323,245;239,162;156,245;73,245;156,162;96,221;96,103;38,162;38,281/7,4,5;5,4,0;5,6,7;8,7,6,9;10,12,13;1,2,3;11,12,10,9/5,6,9,11,12,13,8,7,4,3,2,1,0,5/saurolophus
370,146;487,147;487,264;428,205;428,372;379,323;261,206;202,264;143,205;143,323;84,382;84,265;24,324;25,441/6,3,4;5,6,9;0,1,2;11,12,13,10;7,8,6;10,11,9;7,8,11,9/3,8,12,13,9,5,4,3,2,1,0,3/saurophaganax
330,385;246,468;247,385;306,325;365,384;423,443;423,325;481,266;422,207;363,266;304,207;186,325;67,206;148,205;89,146;30,206/10,6,11;11,10,12;3,6,5;4,3,11,2;15,14,13;2,1,0;9,6,7,8/9,10,13,14,15,12,2,1,0,4,5,6,7,8,9/scutosaurus
282,483;365,483;364,399;354,410;270,410;269,327;353,326;438,326;320,208;202,326;168,208;83,208;167,125;250,124;167,42;84,124/8,7,9;9,8,11;15,14,13;6,7,3,4;5,4,6;2,0,1;10,12,15,11/12,13,14,15,11,9,5,4,3,0,1,2,7,8,10,12/siamosaurus
303,153;421,271;503,354;338,354;396,413;278,413;303,388;245,329;186,270;127,328;186,388;68,388;92,328;91,246;9,328/0,8,6;6,1,0;3,2,1;9,14,11,10;3,5,4;12,14,13;8,9,10,7/0,9,12,13,14,11,10,7,6,5,4,3,2,0/spinosaurus
26,222;85,281;203,399;85,162;144,222;203,164;203,248;286,330;286,246;287,413;370,330;370,163;446,199;411,274;452,386;486,310/11,10,5;5,1,2;8,9,10;7,6,5,8;13,15,14;11,12,13;4,3,0,1/11,5,4,3,0,2,6,7,9,10,11,14,15,13,12,11/stegosaurus
487,222;429,163;428,246;429,282;428,413;203,389;120,388;286,306;319,305;202,305;260,246;260,129;203,187;143,246;166,270;48,271;48,153;25,129/2,4,10;11,13,17;14,16,15;9,7,5,6;1,0,3;8,10,9;9,10,12,13/10,12,11,17,16,15,14,9,6,5,7,8,4,3,0,1,2,10/styracosaurus
469,386;469,470;386,389;386,471;386,304;219,304;267,353;150,469;150,392;149,308;66,308;150,235;150,224;150,141;66,223;200,89;34,90;117,173/11,6,7;5,3,4;17,15,16;4,2,1,0;12,14,13;9,10,8;9,10,14,12/11,13,15,16,17,14,10,8,7,6,3,2,1,0,4,5,11/supersaurus
375,136;208,206;375,205;376,254;374,372;326,325;218,325;134,409;134,325;90,325;161,254;78,337;78,254;18,314;19,431;78,372;137,431;77,490;492,254/2,4,1;1,5,9;3,18,0;12,13,14,15;8,6,7;11,10,12;15,14,17,16/2,1,10,12,13,14,17,16,15,11,9,8,7,6,5,4,3,18,0,2/talarurus
384,131;459,96;494,172;411,173;412,256;495,257;327,423;327,374;211,374;327,256;161,424;161,374;160,256;101,433;102,400;102,316;18,400/5,6,9;9,12,10;8,7,9;12,15,13,11;14,16,15;0,2,1;3,4,5,2/4,12,16,14,13,11,10,8,7,6,5,2,1,0,2,3,4/tarchia
346,451;511,361;345,194;346,361;346,367;346,283;262,282;261,366;296,402;179,283;61,402;61,283;1,343;2,459/3,2,1;9,10,8;9,10,11;11,12,13,10;7,4,0;6,9,7;7,4,5,6/2,5,11,12,13,10,8,0,3,1,2/titan_ceratops
460,228;460,144;377,62;377,146;293,229;378,229;377,313;294,313;293,395;350,451;266,452;266,369;244,347;169,457;134,383;209,348;127,229;9,347/12,16,17;8,4,16;4,3,0;0,1,2,3;11,10,9;15,14,13;7,6,5,4/5,0,1,2,3,4,16,17,15,14,13,15,12,11,10,9,8,7,6,5/triceratops
369,506;286,506;369,422;338,453;455,335;505,334;338,335;338,168;269,168;210,108;171,168;151,168;92,226;92,108;33,168;33,286/7,10,6;6,5,7;6,4,3;11,13,9,8;12,15,14;2,0,1;11,13,14,12/8,9,13,14,15,11,10,6,3,1,0,2,4,5,7,8/troodon
468,309;409,368;409,250;320,338;403,491;237,491;320,408;261,349;202,408;85,408;26,348;143,348;202,290;320,171;487,171;402,171;460,113;401,54/14,3,13;13,6,12;6,5,4;8,9,10,11;2,0,1;15,16,17;7,8,11,12/14,15,16,17,15,13,11,10,9,8,7,6,5,4,6,3,2,1,0,2,14/tyrannosaurus_rex
305,255;305,88;328,110;444,110;445,227;471,255;423,256;364,315;363,431;305,374;246,315;138,421;98,366;137,255;62,290;23,401/0,13,11;0,5,1;2,3,4;13,14,15,12;7,6,0;9,7,8;9,10,0,7/5,4,3,2,1,0,13,14,15,12,13,11,10,8,7,6,5/utahceratops
92,20;175,22;91,103;174,104;135,104;134,266;302,266;186,150;268,67;352,67;270,150;242,207;360,207;386,182;386,266;174,266;292,267;292,384;175,502;411,502/4,5,6;17,18,19;16,15,17;7,10,9,8;11,6,12;13,14,6;3,1,0,2/4,2,0,1,3,4,7,8,9,10,7,11,12,13,14,16,17,19,18,17,15,5,4/acrobat
303,325;220,326;220,242;303,242;298,159;464,242;381,159;262,444;380,325;58,242;142,242;224,159;140,159;378,241;143,327;263,123/14,7,8;15,10,13;6,5,8;12,11,10,9;10,9,14;4,6,13;3,2,1,0/15,11,12,9,7,5,6,4,15;10,2,1,14,10;3,0,8,13,3/alien
53,454;112,396;53,336;172,336;231,395;112,277;64,276;231,277;349,277;290,218;230,110;398,110;356,151;415,211;474,153;416,93/10,6,7;7,11,10;5,7,4;3,2,1,4;9,8,7;2,1,0;12,13,14,15/15,11,10,6,5,3,2,0,1,4,7,8,9,12,13,14,15/astronaut
92,421;148,449;176,421;230,450;456,476;373,476;374,393;396,415;312,368;348,368;230,367;396,250;230,250;327,248;444,131;210,130;328,130;386,72;268,71;327,13;92,505/14,13,15;12,11,7;9,10,12;10,8,3,1;2,0,20;6,5,4;16,17,19,18/19,18,16,15,13,12,10,2,0,20,1,3,8,9,6,5,4,7,11,13,14,16,17,19/athlete
300,419;216,418;132,334;217,301;216,251;275,359;299,334;264,334;323,274;383,334;502,216;266,216;249,216;14,216;298,201;214,201;298,117;214,117/11,10,9;12,13,2;4,1,2;6,1,0,9;8,7,9;3,5,1;15,14,16,17/11,10,0,1,13,12,4,3,5,6,7,8,11;15,14,16,17,15/batman
389,484;306,485;306,400;336,430;336,345;253,347;252,383;136,382;93,425;92,341;175,341;252,263;294,304;460,139;127,138;294,138;335,138;251,138;335,55;251,55/15,13,12;12,15,14;11,6,7;11,5,3,4;10,9,8;2,1,0;17,16,18,19/19,17,14,11,10,9,8,7,6,5,2,1,0,3,4,12,13,16,18,19/bodybuilder
210,501;377,500;294,417;377,334;445,333;210,333;297,246;328,216;356,187;298,128;153,271;69,270;153,187;238,187;237,102;155,104;155,20/5,0,3;4,7,5;2,1,3;13,14,16,15;13,12,10;12,11,10;13,6,8,9/13,14,16,15,13,12,11,10,13,6,5,0,2,1,3,4,7,8,9,13/bunnygirl
380,203;348,202;407,144;465,203;298,286;381,287;380,454;214,287;46,454;46,287;130,204;214,202;273,143;154,143;214,84/7,6,5;7,9,8;10,9,7;4,5,3,0;4,7,11;1,2,3;11,12,14,13/14,13,11,7,10,9,8,7,6,5,3,2,1,0,4,11,12,14/camelry
443,251;384,310;325,250;291,286;290,452;149,477;316,476;209,368;209,251;149,310;149,192;208,133;222,145;281,87;163,87;222,27/9,5,6;2,11,7;3,4,7;8,11,10,9;2,1,0;8,7,9;12,14,15,13/12,13,15,14,11,10,5,6,4,3,2,1,0,2,12/chef
349,508;232,507;232,389;335,492;336,258;218,375;260,181;218,140;319,123;202,239;142,299;142,181;113,92;171,34;201,123;230,93;260,64;230,9;315,9/4,3,5;7,4,5;2,1,0;14,11,10,9;15,17,18;15,13,12;16,8,6,14/16,18,17,15,13,12,15,11,10,9,14,7,5,2,1,0,3,4,6,8,16/chiefs
401,439;343,380;283,440;283,322;342,262;436,168;185,418;185,478;126,418;184,360;269,335;184,252;102,168;269,167;327,108;209,108;268,49/13,12,10;5,10,13;11,6,10;3,4,1,2;9,8,7;1,0,2;13,15,16,14/13,14,16,15,13,12,11,9,8,7,6,3,2,0,1,4,5,13/child
429,436;262,436;96,436;144,269;202,328;321,328;380,269;262,269;218,268;302,268;218,184;184,184;126,124;243,124;302,184;386,100;220,100/7,2,1;1,0,7;16,15,14;13,12,11,14;7,6,5;4,3,7;8,9,14,10/16,13,12,11,10,8,3,4,2,0,5,6,9,14,15,16/child3
315,510;316,392;257,452;198,510;197,342;281,342;364,342;364,258;279,259;406,258;170,258;289,140;254,174;170,172;254,90;171,89;296,89;130,89;213,6/4,3,6;10,11,9;17,18,16;8,7,5,4;2,0,1;5,6,7;12,13,15,14/14,16,18,17,15,13,12,10,8,4,3,2,0,1,6,7,9,11,12,14/clown
332,432;272,491;272,374;332,315;167,463;50,346;167,314;166,229;250,230;167,147;250,147;166,63;251,63;332,149;392,89;274,89;333,30/13,3,6;7,5,4;9,8,6;2,1,0,3;12,11,10;10,11,9;15,13,14,16/7,11,12,10,9,8,13,15,16,14,13,0,1,2,3,6,4,5,7/couple
331,182;390,122;449,183;390,242;268,303;268,421;209,479;208,363;145,426;145,488;61,405;145,322;312,260;380,259;145,260;263,141;322,82;204,82;263,23/15,14,13;12,8,14;11,10,9;6,5,4,7;0,2,1;3,2,0;15,17,18,16/16,18,17,15,14,11,10,9,8,7,6,5,4,12,13,15;0,1,2,3,0/courier
256,357;331,284;331,419;414,502;331,502;331,451;165,451;108,506;108,422;192,422;197,416;196,298;256,239;257,120;294,157;354,98;295,39;236,99;206,128;324,10;206,10;375,238/1,6,5;0,21,13;18,20,19;12,0,10,11;9,8,7;2,3,4;17,16,15,14/16,19,20,18,17,13,12,11,10,9,8,7,6,5,4,3,2,1,21,14,15,16/dame
90,488;257,489;423,489;340,405;341,320;257,322;198,381;198,263;258,237;174,238;257,155;339,155;295,154;354,95;237,95;295,36/5,1,0;1,2,5;5,9,10;8,4,3,5;5,6,7;8,11,10;12,14,15,13/12,10,9,7,6,0,2,3,4,8,11,12,13,15,14,12/dress
160,510;244,510;417,510;335,428;418,429;465,428;244,427;229,428;347,310;311,274;312,191;229,193;229,270;111,270;228,153;228,108;214,123;273,64;155,64;215,5/11,7,8;8,7,5;12,14,13;15,11,9,10;6,1,0;3,2,4;16,17,19,18/15,17,19,18,16,15,14,13,12,7,6,0,1,6,3,2,4,5,9,10,15/dress1
332,150;336,147;218,432;385,431;336,382;337,264;397,205;396,87;307,91;248,32;189,91;248,150;218,264;249,235;165,152;220,206;137,207;137,123;53,123/12,2,3;4,12,1;13,0,14;1,7,6,5;17,18,16;16,15,17;10,11,8,9/11,14,17,18,16,15,13,12,2,3,4,5,6,7,0,11,8,9,10,11/embrace
364,432;197,431;281,348;197,347;364,265;281,264;247,297;246,264;163,264;365,181;247,181;163,181;128,180;247,62/4,0,1;13,9,6;10,12,13;5,4,2,3;5,4,9;3,2,1;8,7,10,11/11,12,13,9,0,1,3,6,7,8,11/female
299,490;215,490;300,405;216,405;181,441;181,323;298,322;215,322;382,322;215,240;132,323;132,239;299,156;298,73;216,156;171,201;337,34;170,34/15,17,16;14,8,7;5,4,6;8,6,3,2;0,1,3;14,12,13;9,11,10,7/14,12,13,16,17,15,14,9,11,10,5,4,3,1,0,3,2,8,14/fisherman
351,493;435,493;435,409;375,468;435,292;375,352;492,234;401,234;258,235;165,235;224,176;106,175;22,92;189,92;259,141;284,118;318,83;259,24;200,83/8,5,6;7,15,9;13,12,11;4,5,3,2;2,1,0;9,10,11;18,14,16,17/15,16,17,18,14,10,11,13,12,9,8,5,3,0,1,4,6,7,15/flower
328,469;162,469;79,385;162,301;232,371;459,146;341,146;315,202;399,203;317,285;233,285;291,226;233,168;115,253;232,136;257,160;316,102;199,101;257,43/3,0,1;4,13,14;3,2,1;10,9,8,7;6,5,8;12,11,10;15,17,18,16/14,12,11,7,8,6,5,9,10,4,0,1,2,3,13,14,17,18,16,15,14/geisha
279,498;194,498;275,416;361,415;126,416;185,337;127,278;185,219;244,278;244,298;362,245;278,330;395,209;396,89;337,29;277,136;278,89;218,77;277,18/9,4,3;11,12,16;10,11,3;3,2,1,0;16,13,14;18,17,15;8,5,6,7/15,11,9,4,2,1,0,3,10,12,16,13,14,16,18,17,15;7,6,5,8,7/handstand
199,504;366,504;284,421;284,255;200,380;200,338;200,253;200,264;141,322;140,204;200,145;366,254;237,125;200,87;178,66;296,66;237,6/5,0,1;6,11,13;5,2,3;7,8,9,10;5,3,6;7,8,4;12,14,16,15/13,10,9,8,4,0,1,2,3,11,12,15,16,14,13/kimono
330,437;330,407;389,348;330,289;162,437;161,405;103,347;161,289;162,270;330,270;288,270;204,270;288,185;204,185;286,102;371,102;121,101/9,0,4;4,9,8;13,16,14;14,15,12,13;3,1,2;7,6,5;11,10,12,13/13,16,15,12,10,9,3,2,1,0,4,5,6,7,8,11,13/king
499,263;414,264;415,180;414,160;415,326;414,444;297,327;249,328;131,445;107,396;37,443;59,328;130,279;192,278;295,278;275,278;192,194;251,135;133,135;192,76/3,7,4;14,8,12;6,5,4;12,11,10,9;2,0,1;13,15,16;16,17,19,18/16,13,12,11,10,9,12,8,7,6,5,1,0,2,3,14,15,16,17,19,18,16/knight
360,427;279,509;277,392;165,475;81,474;247,392;163,392;278,345;277,111;395,229;112,392;278,226;268,101;327,160;386,102;328,44;296,73;238,131;357,16;238,15/9,7,8;11,2,10;7,0,1;5,3,4,6;16,19,18;16,19,17;12,13,14,15/13,14,15,18,19,17,12,8,11,10,6,4,3,5,2,1,0,7,9,13/lady
380,475;213,474;253,434;380,309;419,268;380,140;321,81;263,140;336,185;321,198;253,352;253,268;169,270;170,185;169,305;109,246;111,362/3,0,1;2,4,11;11,4,8;11,10,12,13;13,15,14;14,16,15;7,9,5,6/8,5,6,7,9,11,13,15,16,14,12,10,2,1,0,3,4,8/lantern
373,447;137,447;254,330;289,364;455,364;289,316;171,316;112,256;230,256;288,197;318,207;259,148;387,159;376,149;318,90;303,75;387,75/2,1,0;9,4,3;3,0,4;5,6,7,8;15,16,12;9,8,5;10,11,14,13/14,15,16,12,13,10,11,14;9,8,7,6,5,3,2,1,0,4,9/look_up
319,370;261,430;379,430;320,489;153,489;154,322;202,370;202,253;266,317;384,200;266,198;149,199;208,139;267,80;149,81;208,22/5,3,4;11,9,8;7,0,6;6,1,2,0;1,3,2;12,11,10;12,14,15,13/12,13,15,14,12,11,7,6,5,4,3,2,8,9,10,12/maid
355,446;272,447;272,364;239,364;180,304;357,196;356,364;297,303;131,303;213,220;190,196;156,196;190,161;391,196;358,162;358,78;274,78;190,78/5,6,10;11,16,13;9,7,8;4,3,6,7;14,15,16;16,17,12;2,1,0,6/14,15,17,12,11,10,9,8,4,3,2,1,0,5,13,14/male
129,414;103,440;44,381;161,381;247,296;364,414;424,353;365,294;423,236;364,178;248,178;305,176;364,118;247,118;305,59/9,4,5;4,0,5;10,4,9;8,6,5,7;3,1,2;9,8,7;11,13,14,12/11,10,4,3,2,1,0,5,6,8,9,11,12,14,13,11/mermaid
467,420;408,360;348,301;289,360;349,419;231,302;114,419;116,367;56,427;56,309;116,250;284,250;189,249;248,189;271,189;129,190;106,189;189,106/5,4,6;6,10,11;16,17,14;10,9,8,7;15,12,13;1,0,4;3,2,1,4/13,14,17,16,15,12,10,9,8,7,6,0,2,3,5,11,12,13/monk
489,470;489,387;454,387;406,387;287,387;120,471;37,471;121,387;288,221;303,206;243,148;303,89;244,266;125,265;213,178;130,179;214,96;130,96/8,4,2;8,4,7;12,10,13;11,9,12,10;7,6,5;3,0,1;14,15,17,16/14,16,17,15,14,13,12,6,5,7,3,0,1,2,8,9,11,14/morning_exercises
377,423;294,340;378,256;396,256;396,172;312,172;312,256;208,506;209,270;150,329;90,388;90,270;150,211;268,211;181,124;241,65;150,93;122,65;181,5/13,16,9;8,10,7;1,0,2;12,11,10,9;5,3,6;5,4,3;14,17,18,15/14,15,18,17,16,12,11,10,7,8,13,14;5,6,2,1,0,2,3,4,5/mother_child
347,501;229,502;347,384;289,207;228,266;347,149;289,88;229,148;216,135;144,148;144,64;157,76;275,75;217,17/4,1,2;2,4,5;2,0,1;4,3,6,7;7,9,10;6,5,3;8,11,13,12/8,12,13,11,10,9,7,1,0,5,6,7,8/mummy
164,171;105,112;164,54;179,68;223,112;345,234;345,68;463,186;430,219;345,304;312,336;346,337;430,337;388,380;388,462;346,421;305,462;263,420;203,479;144,420/6,7,9;5,6,3;10,12,8;11,17,15,12;17,18,19;16,14,13;0,4,2,1/4,0,1,2,3,6,7,8,12,13,14,16,15,17,18,19,17,11,10,9,5,4/old_man
356,481;297,422;239,481;356,245;238,363;238,247;155,247;239,163;122,163;63,104;180,103;121,46;239,46;240,128;339,145;256,145;339,62;256,62/13,4,3;3,4,0;7,12,11;10,9,8,7;7,6,5;4,2,1;15,17,16,14/3,13,12,11,10,9,8,7,6,5,2,1,0,3;15,14,16,17,15/pekingopera
452,400;452,485;369,403;368,486;201,486;368,319;285,401;402,284;283,286;224,226;199,250;115,167;57,165;115,107;173,166;283,166;315,176;374,117;257,117;316,58/15,7,6;5,3,4;10,11,15;5,2,1,0;15,9,8;14,13,12;18,16,17,19/15,14,13,12,11,10,9,8,6,4,3,2,1,0,5,7,15;16,17,19,18,16/person
373,446;255,447;134,447;49,446;50,362;76,387;194,387;162,356;79,356;79,273;138,329;234,328;373,328;470,328;352,210;294,152;411,152;352,92/10,1,12;11,14,13;12,0,1;1,6,5,2;2,3,4;8,7,9;15,14,16,17/15,14,11,10,9,8,7,6,5,4,3,0,12,13,14,16,17,15/person1
468,499;383,500;384,461;384,416;276,354;158,354;75,354;75,270;100,294;384,294;217,295;99,175;217,175;302,127;218,127;218,43;302,43/10,9,14;10,2,9;12,11,10;10,4,5,8;3,1,0;7,6,5;15,14,13,16/14,13,16,15,12,11,10,8,7,6,4,2,1,0,3,9,14/person2
247,444;309,508;143,508;143,340;130,326;129,208;189,148;189,266;248,208;274,181;215,122;332,121;390,62;273,63;189,98;165,121;224,62;107,62;166,3/8,0,4;3,2,1;7,14,9;6,5,4,7;10,9,11;11,13,12;16,18,17,15/16,15,17,18,16;14,6,5,4,3,2,1,0,8,12,13,11,10,14/person3
354,506;296,447;237,506;270,65;237,389;179,446;177,495;119,436;178,376;296,329;179,211;297,92;213,176;212,9;329,124;388,65;329,6/11,9,10;10,9,5;12,13,11;9,4,2,1;8,7,6;2,0,1;3,16,15,14/3,13,12,10,8,7,6,5,4,2,0,1,11,14,15,16,3/person4
305,355;355,405;404,406;346,464;288,405;188,405;187,375;128,434;127,483;69,424;127,365;128,317;187,258;188,238;212,212;211,45;295,129;305,121;390,83;330,141;272,83;331,23/13,5,1;0,13,17;16,15,14;12,11,7,6;10,9,8;4,3,2;20,19,18,21/19,18,21,20,19;17,16,15,14,13,12,11,10,9,8,7,6,5,4,3,2,1,0,17/person10
82,439;141,381;201,322;201,440;404,403;404,488;321,405;320,322;427,321;260,321;93,321;260,153;300,151;216,152;300,68;216,68/11,10,9;9,11,8;7,3,2;6,7,4,5;2,3,1;1,0,3;13,15,14,12/11,12,14,15,13,11,10,2,0,3,7,6,5,4,7,8,11/person11
207,509;290,508;291,422;207,425;208,341;291,355;374,272;173,304;210,265;291,186;377,98;210,182;127,97;295,97;211,98;295,13;211,13/9,7,2;8,14,10;9,6,5;4,3,1,2;12,11,14;3,0,1;16,14,13,15/14,12,11,8,7,4,0,1,5,6,9,10,13,15,16,14/pharaoh
347,445;180,445;264,362;349,280;434,195;348,195;348,362;181,362;180,311;120,370;120,253;179,195;306,194;222,194;322,109;306,110;222,110;206,109;264,50/7,6,5;5,11,7;2,1,0;11,10,9,8;5,4,3;17,18,14;15,16,13,12/12,15,14,18,17,16,13,11,10,9,8,7,2,1,0,2,6,3,4,12/police
373,461;137,461;195,402;314,402;254,461;372,343;136,343;254,224;296,224;212,224;212,140;296,140;379,56;291,56;129,55/7,5,4;4,6,7;10,13,14;10,11,12,13;3,0,4;4,1,2;10,11,8,9/10,14,12,11,8,7,5,3,0,1,2,6,7,9,10/pope
388,471;220,471;137,387;279,362;279,244;339,302;220,303;103,185;338,185;222,184;280,126;242,163;301,104;184,103;243,45/6,1,0;6,7,8;6,2,1;4,8,5,3;3,6,4;9,8,10;12,14,13,11/11,9,7,6,2,1,0,3,5,8,10,12,14,13,11/prayer
344,499;226,500;343,381;142,229;226,264;201,288;260,228;342,145;259,144;92,229;92,145;175,228;242,82;301,23;359,81;300,140/4,1,2;2,7,4;2,0,1;6,7,8,11;3,5,6;11,9,10;15,12,13,14/8,7,0,1,4,5,3,9,10,11,8;15,12,13,14,15/priest
254,338;338,338;338,254;338,422;372,457;136,457;171,421;170,254;296,253;212,253;296,168;212,168;379,86;293,86;129,84/0,5,4;6,7,2;11,14,13;13,12,10,11;0,3,1;1,0,2;8,9,11,10/11,14,12,10,8,2,3,4,5,6,7,9,11/prince
89,457;256,457;423,456;315,348;256,290;197,347;315,229;297,229;197,229;214,229;198,146;214,146;298,146;315,145;373,87;256,86;139,86/4,1,0;4,1,2;5,8,6;10,16,15,13;6,4,3;13,14,15;11,12,7,9/12,13,14,16,10,11,9,8,5,0,2,3,6,7,12/princess
287,429;346,488;228,488;145,405;228,322;346,370;228,252;263,217;346,135;178,218;161,236;103,177;219,177;261,135;300,134;359,75;241,75;300,15/6,5,2;5,6,8;4,3,2;9,7,8,13;0,1,2;12,10,11;16,14,15,17/16,14,13,12,11,10,9,7,6,4,3,2,1,0,5,8,14,15,17,16/propose
397,438;162,438;172,427;281,320;398,319;339,260;294,260;172,344;89,345;172,261;210,260;294,176;210,175;377,92;289,93;126,91/3,1,0;2,9,5;12,15,14;14,13,11,12;9,8,7;3,4,5;10,6,11,12/11,13,15,12,10,9,8,7,2,1,0,3,4,5,6,11/queen
343,238;394,273;345,322;394,439;227,438;110,322;260,321;177,238;235,181;293,238;428,238;310,237;369,178;427,119;310,120;369,60/1,3,4;4,2,5;7,6,0;0,10,2,6;11,12,10;9,8,7;14,12,13,15/12,11,9,8,7,6,5,4,3,1,10,12,13,15,14,12/read
483,367;425,426;366,367;366,411;424,469;307,469;306,352;366,292;267,292;248,410;130,411;130,292;32,292;150,174;150,168;208,110;90,110;149,51/12,8,13;11,9,7;9,10,11;6,7,3,5;2,0,1;4,5,3;14,16,17,15/7,8,13,12,11,10,9,6,5,4,3,2,1,0,2,7;14,15,17,16,14/rest
408,507;241,506;157,506;241,422;324,422;241,339;240,254;324,338;206,220;174,251;90,168;257,168;325,102;348,126;407,67;348,8;289,67;193,59;77,59;135,117/12,7,8;5,0,1;11,10,9;6,7,4,5;3,2,1;19,18,17;16,15,14,13/16,12,11,10,9,8,6,3,2,0,4,12,13,14,15,16;19,18,17,19/sacrfice
261,163;378,482;212,482;294,399;295,315;378,398;261,282;143,281;84,222;142,164;379,163;320,103;346,75;287,134;229,75;288,16/10,6,9;6,10,5;1,2,3;3,4,5,1;0,10,11;9,8,7;13,14,15,12/13,0,9,8,7,9,4,3,2,1,10,11,12,15,14,13/send_a_gift
430,445;372,387;313,446;313,495;146,495;146,328;312,328;277,293;277,210;194,328;194,212;194,126;209,141;267,83;149,83;209,24/6,3,4;4,5,6;6,9,10;10,7,8,11;6,1,2;2,0,1;12,14,15,13/12,13,15,14,11,9,5,4,3,2,0,7,8,12/sitting_people
338,402;404,403;345,461;287,402;144,402;60,486;60,402;102,402;221,285;198,306;137,366;138,249;197,191;456,139;456,22;364,141;339,140;242,141;196,142;158,141;242,58;158,58/15,9,18;8,7,0;16,13,14;12,9,10,11;6,5,4;3,2,1;17,19,21,20/15,8,0,1,2,3,4,5,6,7,10,11,12,18,19,21,20,17,16,14,13,15/slam_dunk
356,85;415,144;357,202;356,144;297,204;262,319;297,320;357,262;381,238;465,321;502,321;443,380;383,321;265,438;148,321;28,321;146,204;175,175;116,234;57,176;117,116/12,13,14;15,16,5;6,8,9;7,6,4,3;12,11,10;2,1,0;18,17,20,19/6,5,16,17,20,19,18,15,14,13,12,11,10,9,8,7,2,1,0,3,4,6/slip
63,428;147,428;310,430;394,430;311,347;228,346;144,346;227,262;393,262;310,179;144,180;109,144;395,212;344,145;336,154;454,153;395,94/13,7,11;10,6,4;7,9,8;5,6,0,1;5,2,4;4,3,2;14,12,15,16/13,11,10,6,0,1,5,2,3,7,8,9,14,12,15,16,13/stoop
193,230;192,114;133,172;133,289;94,329;177,412;344,412;261,330;428,330;390,291;331,232;389,172;330,112;303,161;261,162;219,162;303,78;219,78/14,8,7;7,14,4;7,5,6;0,3,2,1;12,11,10;10,9,11;13,16,17,15/15,14,0,1,2,3,4,7,5,6,7,8,9,11,12,10,14,13,16,17,15/surrender
280,474;362,391;280,308;279,377;249,377;166,460;84,460;166,377;113,377;279,211;278,191;219,132;161,74;278,73;396,190;468,114;410,173;351,115;409,55/2,14,13;9,8,3;2,0,1;4,5,6,7;10,11,13;13,11,12;17,16,15,18/16,15,18,17,16;14,13,12,10,9,8,7,6,5,4,3,0,1,2,14/take_off
276,510;218,452;192,510;134,452;192,393;276,394;322,393;273,344;333,285;273,227;333,168;356,167;272,167;155,393;155,225;272,109;272,84;231,84;314,1;397,84;356,84/14,13,6;7,14,15;17,18,19;10,9,7,8;4,3,2;1,5,0;12,11,20,16/20,19,18,17,16,15,14,13,4,3,2,4,5,1,0,5,6,7,8,10,11,20;9,12,10,9/thief
470,217;471,300;387,300;304,383;418,384;334,467;251,384;221,384;138,468;54,468;138,384;303,216;363,157;304,98;245,157;245,38/11,10,3;3,0,11;4,5,6;7,8,9,10;14,15,13;0,1,2;12,13,14,11/11,12,15,14,11,9,8,7,6,5,4,3,2,1,0,11/traditionalopera
424,336;424,420;341,339;342,254;342,422;175,422;173,372;55,255;173,255;300,254;216,254;342,170;300,171;216,170;174,170;258,170;258,86/3,4,5;5,8,3;6,7,8;3,2,1,0;16,15,11;14,16,15;13,12,9,10/13,14,16,11,12,9,3,0,1,2,4,5,6,7,10,13/traffic_police
237,16;178,75;296,75;237,133;140,134;184,179;306,134;306,219;388,216;388,300;404,311;306,299;320,312;403,394;351,344;185,261;101,344;185,344;185,381;185,428;244,440;186,498/5,17,14;11,6,4;15,16,19;7,9,8,6;18,21,20;12,10,13;3,1,0,2/3,1,0,2,3,6,8,9,7,11,12,10,13,14,17,18,20,21,19,16,15,5,4,3/trapeze
491,304;433,362;492,421;374,422;315,362;300,233;184,233;242,291;256,305;139,422;22,422;138,304;139,187;139,180;198,123;81,122;139,64/8,3,9;9,8,12;11,10,9;4,3,2,1;1,0,2;5,7,6;13,14,16,15/13,14,16,15,13;12,11,10,2,0,1,4,7,5,6,12/tumble
455,211;374,129;374,213;290,213;256,213;314,273;272,273;220,327;220,445;279,503;161,504;160,387;106,440;106,273;147,272;147,106;236,76;177,135;119,76;178,18/13,12,6;5,14,15;3,1,0;7,11,10,8;5,2,4;8,10,9;17,18,19,16/5,2,0,1,3,4,17,16,19,18,15,14,13,12,11,10,9,8,7,6,5/waiter
318,386;376,444;318,503;317,474;140,496;199,438;259,496;176,416;259,416;176,335;317,308;151,308;277,180;218,122;317,141;363,148;336,122;277,64;245,31;363,31/11,10,14;11,10,3;18,19,15;9,7,6,8;5,4,6;2,1,0;12,16,17,13/14,16,15,19,18,17,13,12,11,9,7,5,4,6,8,3,2,1,0,14/walk
264,493;265,377;147,493;313,327;146,326;350,246;233,246;408,187;292,187;174,187;146,158;206,157;123,157;206,74;123,73;226,73;108,73;167,15/4,2,3;3,4,10;1,0,2;9,6,5,8;16,17,15;8,7,5;11,12,14,13/10,11,13,15,17,16,14,12,10,2,0,1,3,6,5,7,9,10/zombie
398,404;279,404;339,344;497,344;497,227;379,344;462,261;379,261;296,345;296,261;212,261;212,344;211,433;94,316;212,198;125,284;243,167;7,167/14,13,12;15,17,16;5,3,4;6,7,8,5;2,1,0;8,9,7;9,10,11,8/10,14,16,17,15,13,12,11,2,1,0,2,3,4,6,10/acrida
392,307;452,248;393,189;334,249;276,189;276,308;334,367;216,484;334,131;216,248;216,13;215,333;216,167;132,250/9,10,8;9,7,6;12,13,11;4,2,1,3;3,0,1;0,5,3;3,4,9,5/2,4,8,10,12,13,11,7,6,5,0,1,2/bee
464,350;347,350;346,232;405,290;405,55;287,173;204,458;288,375;287,290;205,293;204,373;205,207;38,207/5,4,3;11,12,10;9,6,7;7,9,11,8;1,0,3;2,5,8;8,1,3,2/8,11,12,10,6,7,8,1,0,3,4,5,8/butterfly
340,427;506,428;506,261;422,344;423,262;339,345;339,262;256,344;255,262;89,262;172,345;5,345;5,178/0,1,2;10,11,12;9,8,10;10,7,6,8;6,7,5;3,2,4;4,6,5,3/9,12,11,3,0,1,2,9/caterpillar
397,69;339,128;397,187;456,128;456,294;337,412;289,293;206,212;220,294;206,294;122,378;122,294;122,261;63,319;63,202;122,143/3,4,6;8,5,4;6,7,11;12,13,14,15;11,10,9;12,13,10;2,3,0,1/6,7,11,15,14,13,10,9,8,5,4,3,0,1,2,6/centipede
416,328;416,244;333,327;368,362;250,480;179,396;28,325;250,244;333,244;417,161;250,161;334,161;334,76;250,77/7,5,6;7,4,3;8,10,9;8,2,7,10;10,13,11;11,12,13;8,2,0,1/7,13,12,11,9,8,1,0,2,3,4,7,5,6,7/cicada
286,509;203,509;286,426;203,426;360,426;302,367;126,425;184,366;242,308;184,249;244,188;302,130;184,131;243,72;229,86;312,3;146,3/8,6,4;5,9,11;14,15,16;13,12,9,10;10,13,11;9,8,7;3,1,0,2/13,15,16,14,12,7,6,3,1,0,2,4,5,11,13/cricket
444,278;419,252;444,194;361,193;303,253;245,194;244,312;436,337;436,503;268,337;185,420;184,337;101,337;185,253;67,135;185,17/15,14,13;9,7,8;10,9,13;5,3,1,4;3,2,0;13,11,12;13,6,4,5/13,15,14,13,12,11,10,9,8,7,9,6,4,1,0,2,5,13/dragonfly
321,358;205,475;435,358;268,358;205,358;184,358;101,357;184,274;101,274;101,191;267,191;149,190;90,131;208,131/10,2,3;3,10,9;4,1,0;11,12,13,10;8,7,9;7,3,5;5,6,8,7/11,9,6,4,1,0,2,13,12,11/dung_eetle
32,498;115,415;32,415;150,297;186,332;435,416;268,415;351,332;375,308;435,249;375,191;435,132;376,73;493,73;435,14/9,5,6;6,2,3;4,7,6;8,9,11,10;10,12,11;2,0,1;12,14,13,11/11,13,14,12,8,7,4,3,2,0,1,5,11/earthworm
178,444;118,384;237,384;295,325;236,267;355,266;472,266;412,207;296,207;264,237;30,237;146,120;264,71;98,71/9,10,11;13,12,9;4,1,2;5,6,7,8;2,0,1;3,2,4;4,3,5,8/7,8,9,12,13,11,10,9,1,0,5,6,7/eurema_blanda
322,404;439,403;379,344;346,344;346,261;263,345;345,428;262,428;213,380;97,379;156,321;179,344;262,261;407,116;241,116;241,282;216,299;216,132;49,132/16,17,18;14,13,15;12,11,7;0,1,2,5;10,9,8;5,6,7;3,5,12,4/12,13,14,15,11,10,9,8,7,6,0,1,2,3,4,12;16,17,18,16/firefly
441,171;441,254;358,288;358,255;357,203;358,171;276,205;141,405;256,289;140,289;275,288;109,288;358,121;275,121;108,121/13,14,11;13,10,11;9,7,8;6,13,4,2;2,10,6;13,12,4;5,0,1,3/3,1,0,5,12,14,11,9,7,8,2,3/flea
406,373;348,315;466,315;407,255;498,138;289,373;288,340;289,256;205,339;205,256;380,255;262,138;145,255;153,286;123,255;94,227;35,286/11,12,10;10,4,11;7,5,0;1,7,3,2;13,16,15;14,9,8;8,6,7,9/3,2,1,0,5,6,8,13,16,15,14,12,11,4,10,3/insect
466,388;466,305;383,388;383,422;324,363;383,304;266,305;247,305;206,364;87,363;146,305;63,387;63,304;82,304;414,138;247,138/7,15,13;7,15,14;6,5,3;4,6,10,8;8,9,10;10,12,11;5,1,0,2/14,7,1,0,2,3,4,9,11,12,13,15,14/insect1
314,197;256,340;173,341;255,423;339,340;340,256;173,256;490,256;373,138;255,256;255,138;196,197;20,256;137,138/8,7,9;9,12,13;9,3,4;1,6,2,3;1,9,6;9,5,4;11,9,0,10/11,13,12,6,2,3,4,5,7,8,0,10,11/insect2
438,340;321,457;321,340;262,280;261,397;203,339;202,456;85,339;321,221;203,221;303,161;262,161;220,161;303,78;220,78/9,7,6;1,0,8;8,9,5;3,8,2,4;9,11,8;3,4,5;12,10,13,14/11,7,6,5,4,2,1,0,11,10,13,14,12,11/insect3
262,418;202,478;202,360;261,302;302,301;219,301;303,218;219,219;377,252;494,135;341,218;176,218;140,252;22,135;300,134;258,135;217,134;300,51;217,51/15,9,8;15,12,13;15,11,10;3,2,1,0;6,4,5;7,6,5;16,14,17,18/14,17,18,16,13,12,11,7,5,3,2,1,0,3,4,6,10,8,9,14/insect4
506,344;340,345;423,262;339,261;256,345;256,261;172,345;89,345;173,262;6,428;6,260;6,94/8,9,10;10,11,8;1,0,2;2,3,4,1;8,6,7;5,3,4;4,5,8,6/2,8,11,9,7,0,2/insect5
304,5;221,5;303,87;221,87;344,88;179,88;203,112;320,114;320,229;203,229;262,172;379,290;144,290;262,408;176,408;178,491;94,490/10,12,13;13,11,10;10,5,4;14,13,15,16;10,8,7;10,9,6;3,2,0,1/2,0,1,3,5,6,9,12,13,14,16,15,11,8,7,4,2/insect6
330,350;446,350;388,408;505,408;505,291;387,290;270,290;151,408;102,456;102,374;103,290;20,374;20,290/10,6,8;7,2,6;2,3,4;5,1,0,6;0,1,2;1,4,5;10,12,11,9/4,12,11,9,8,7,3,4/insect7
242,311;192,362;205,348;134,348;242,412;206,420;133,421;61,421;61,348;205,204;265,289;367,288;435,161;350,203;368,186;411,93;479,69/2,9,13;9,8,2;10,11,14;14,12,16,15;3,6,5;4,0,1;3,8,7,6/14,12,16,15,14,13,9,8,7,5,3,2,1,4,0,10,11,14/insect8
343,367;454,407;488,482;379,443;222,385;279,229;308,151;201,200;230,123;172,279;95,250;123,172;90,160;242,90;220,100;112,150;141,71/5,4,11;5,4,3;7,13,12;0,1,2,3;15,16,14;11,10,9;7,8,6,5/8,13,14,16,15,12,11,10,9,4,2,1,0,5,6,8/japaneseworm
227,388;305,415;277,494;315,366;198,368;257,308;315,249;373,307;490,191;197,249;138,307;20,191;256,190;338,189;173,189;256,107/12,8,7;12,10,11;14,15,13;5,0,2,1;5,4,9;5,3,6;6,5,9,12/8,13,15,14,11,10,9,4,5,0,2,1,5,3,6,7,8/kallima_inachus
370,307;371,273;453,272;453,189;370,190;310,249;311,367;193,367;108,367;109,283;192,131;158,165;75,249;75,165/5,10,7;7,12,10;5,6,7;5,6,0,4;9,8,7;12,13,11;4,3,2,1/4,5,10,11,13,12,9,8,6,0,1,2,3,4/katydid
506,128;340,128;340,295;174,378;91,377;174,294;256,211;90,127;172,211;90,301;90,293;90,218;6,301;7,218/1,0,2;2,1,5;10,8,7;10,5,6,8;9,12,13;13,11,9;4,3,5,10/6,8,7,11,13,12,9,4,3,5,2,0,1,6/locusts
184,392;350,392;326,367;210,366;268,308;434,356;434,190;327,250;209,250;102,357;102,190;267,190;332,189;216,190;274,130;157,130/11,10,9;5,6,11;4,0,1;13,15,14,12;4,7,2;4,8,3;4,8,11,7/6,12,14,15,13,10,9,8,3,0,1,2,7,5,6/longhornedbeetles
376,454;142,454;260,336;201,395;83,278;201,277;260,218;284,241;368,241;450,159;366,159;201,160;326,159;243,159;326,76;243,76/2,0,1;3,4,11;11,10,7;7,8,9,10;5,3,2;11,5,6;13,12,14,15/9,12,14,15,13,11,4,3,1,0,5,6,7,8,9/mantis
458,452;400,396;459,336;400,278;374,67;258,184;210,136;375,302;341,337;292,386;268,363;209,303;151,362;92,303;33,362/6,11,7;5,4,7;7,11,9;10,11,13,12;12,14,13;1,0,2;2,3,8,1/7,4,5,6,11,13,14,10,9,8,0,2,3,7/mayfly
360,457;359,374;276,457;192,456;275,373;108,374;226,324;109,207;226,172;310,173;226,89;309,89;393,89/4,5,7;7,10,6;4,3,5;3,4,1,2;9,12,11;1,0,2;8,9,11,10/9,8,6,4,1,0,3,5,7,10,12,9/millipede
353,297;294,239;354,180;412,239;411,406;328,322;245,406;185,382;163,405;127,440;126,323;244,322;271,322;154,205;271,205;104,205;104,38/14,16,15;6,3,4;12,14,13;11,5,6,8;7,11,10;10,7,9;1,0,3,2/0,5,12,14,16,15,13,12,10,9,8,4,3,2,1,0/mosquito
511,339;511,220;452,161;393,219;452,279;285,446;286,112;286,279;285,340;285,257;202,340;177,315;119,256;60,316;1,256/4,7,6;7,5,4;9,12,10;11,12,14,13;4,0,1;9,10,8;4,3,2,1/0,1,2,3,6,9,14,13,11,10,8,5,4,0/moth
261,76;144,194;367,99;424,255;322,336;438,336;497,395;380,396;298,396;298,313;267,312;260,312;214,312;214,396;154,336;214,278;96,277;37,336/10,3,2;0,1,11;15,13,16;4,5,6,7;14,17,16;8,7,9;9,12,13,8/16,17,14,13,6,5,4,9,10,3,2,10,11,0,1,11,12,15,16/noctuidae
510,91;394,90;394,110;394,208;276,228;394,345;480,432;313,432;313,265;313,281;313,363;230,364;230,280;204,339;146,280;29,280;88,340;5,340;5,256/8,7,6;5,2,4;3,0,1;14,13,16,15;14,12,11;16,17,18;12,9,10,11/3,0,1,2,4,8,9,15,18,17,13,11,10,7,6,5,3/scorpion
347,150;431,150;431,233;430,317;347,234;348,400;298,282;182,400;147,282;64,283;147,199;181,198;64,198;123,140/6,7,9;7,5,4;4,3,5;4,3,2,0;11,13,12;0,1,2;8,10,12,9/3,1,0,4,6,8,10,11,13,12,9,7,5,3/silkworm_
372,416;490,416;430,356;314,356;352,396;270,396;380,313;270,312;380,147;213,312;304,194;187,76;187,277;187,312;186,396;128,277;68,278;69,218;10,277/6,8,9;13,10,11;12,14,16;3,2,1,0;15,17,18;7,5,4;5,7,13,14/7,6,8,9,13,10,11,12,15,17,18,16,14,4,0,1,2,3,7/silkworm_moth
459,285;410,234;511,233;461,182;358,182;307,234;256,183;257,357;329,285;256,285;185,285;206,234;52,285;154,183;103,234;52,183;1,234/0,4,9;9,13,12;10,7,8;4,1,2,3;14,16,15;15,13,14;11,6,5,9/0,8,7,10,12,14,16,15,13,11,6,5,4,3,2,1,0/spider
156,486;273,487;390,486;331,427;318,427;215,427;234,427;234,344;317,344;335,344;217,344;335,225;276,166;335,107;218,108;394,48;158,48/14,10,11;12,15,16;11,9,10;5,3,2,1;11,13,12;5,0,1;6,4,8,7/13,15,16,14,10,7,6,5,0,2,3,4,8,9,13/walkingstick
353,397;353,480;270,480;269,395;187,480;186,396;187,312;269,229;246,253;186,194;364,135;128,135;246,18/8,11,10;10,12,11;7,6,3;3,6,5,2;6,8,9;5,4,2;2,1,0,3/0,3,7,10,12,11,9,4,1,0/wiggler
361,421;243,303;301,361;184,362;110,435;110,268;193,268;276,269;360,185;276,185;194,185;109,184;277,101;193,101/5,4,7;8,1,0;10,12,8;10,11,13,12;9,8,7;1,3,2;6,10,11,5/9,10,6,7,9;3,4,11,13,12,8,0,2,3/a
386,159;304,158;269,158;304,242;221,242;258,243;376,243;375,361;386,374;328,315;268,374;327,433;219,325;160,434;219,209;160,267;328,99;161,99/15,13,11;15,17,16;5,6,7;3,4,1,0;14,15,12;2,16,0;9,10,11,8/17,13,11,8,7,6,3,0,16,17;2,1,4,14,2;4;12,10,9,5,4,12/b
335,443;418,360;336,359;252,359;252,442;134,325;252,207;383,242;384,159;300,160;219,159;134,158;301,76;216,76/9,5,11;6,5,4;10,12,8;10,11,13,12;2,1,0;7,8,9;3,2,0,4/1,3,6,9,7,8,12,13,11,5,4,0,1/c
314,425;373,366;373,248;314,307;314,189;374,130;256,131;315,71;310,77;309,409;227,326;227,160;143,409;143,243;143,76/8,14,13;13,12,9;10,11,13;4,5,2,3;3,1,2;3,0,1;4,5,7,6/7,8,14,12,9,10,11,6,4,0,1,5,7/d
420,414;303,415;363,356;244,356;220,292;303,292;303,208;220,209;220,331;303,164;220,165;385,81;301,82;136,415;136,248;136,82/12,15,14;14,13,1;8,10,14;10,9,11,12;3,1,2;2,0,1;4,7,6,5/10,9,11,15,13,0,2,3,8,4,5,6,7,10/e
236,211;320,210;320,294;269,329;236,294;236,364;236,448;152,447;152,211;236,127;320,127;404,127;404,43;319,43;152,43/13,14,8;8,7,3;4,9,8;9,10,12,13;12,11,10;5,7,6;4,0,1,2/0,9,11,12,14,7,6,5,3,4,2,1,0/f
332,155;308,131;249,190;249,307;381,273;298,273;297,356;381,357;298,440;214,440;131,357;131,190;249,72;332,72/11,10,6;3,11,12;10,9,6;6,7,8,9;2,1,12;12,13,0;5,4,7,6/0,1,2,3,6,5,4,7,8,9,10,11,12,13,0/g
303,178;303,95;386,96;386,179;386,345;386,429;303,346;303,262;221,262;220,346;137,429;137,262;220,179;221,95;137,95/12,4,3;7,11,14;11,10,9;6,5,4,7;9,8,11;14,13,12;0,3,2,1/0,12,13,14,10,9,8,7,6,5,2,1,0/h
387,505;153,506;212,446;295,412;272,388;213,329;178,294;296,176;213,259;212,176;296,93;212,94;294,11;379,11;129,10/4,1,0;3,7,6;14,12,11;11,10,13,12;5,2,4;8,9,7;7,9,11,10/10,13,14,11,8,6,5,2,1,0,3,10/i
340,24;223,24;223,143;341,260;341,378;281,320;281,437;221,495;222,378;164,437;104,378/2,0,3;3,2,8;2,1,0;3,5,6,4;8,9,10;8,5,6;6,8,9,7/0,1,8,10,7,4,0/j
403,344;402,427;319,427;320,344;320,260;402,177;320,176;403,94;236,427;70,427;236,260;152,343;152,177;236,94;69,94/10,8,9;14,13,10;10,11,12;10,4,5,6;4,3,0;6,7,5;3,0,1,2/4,10,8,9,11,12,14,13,10,7,5,4,0,1,2,4/k
447,375;389,317;330,375;389,434;271,435;222,386;105,435;105,268;223,150;105,151;280,92;164,92;45,91/7,6,4;5,8,7;7,9,8;8,9,12,11;2,4,3;11,10,8;2,1,0,3/8,10,12,9,6,3,0,1,4,5,8/l
88,342;88,424;170,341;254,341;338,343;420,426;421,343;421,259;338,259;172,259;88,258;421,92;254,258;88,92/12,11,7;12,13,10;9,8,3;8,4,5,6;8,7,6;1,2,0;0,2,9,10/12,13,1,2,9,3,8,4,5,11,12/m
377,90;260,90;319,150;378,208;378,444;261,327;319,267;260,210;142,93;201,268;201,384;142,326;142,362;142,444;60,444/7,8,11;5,4,3;3,1,0;9,11,13,10;6,3,2;12,14,13;9,7,6,5/0,1,2,6,8,12,14,13,10,9,4,0/n
298,260;381,177;381,343;264,460;215,342;146,343;131,343;214,260;131,259;214,176;131,176;298,94;213,93/4,2,1;2,3,5;0,1,11;11,12,10,9;7,4,6;6,8,7;7,8,10,9/0,11,9,4,0;11;12,10,6,5,3,2,1,11,12/o
409,278;291,111;408,112;350,170;265,471;183,471;265,387;265,302;183,304;242,278;242,160;182,219;349,52;182,52/12,13,11;9,0,2;8,5,6;6,7,11,8;5,4,6;9,10,11;1,3,2,12/13,5,4,7,9,0,2,12,13;10,1,3,9,10/p
431,331;373,272;372,154;313,214;348,332;314,331;230,450;230,332;112,332;113,213;313,180;230,180;313,96;230,97/13,7,9;8,4,6;7,8,9;3,2,1,5;12,2,3;1,5,0;10,12,13,11/10,11,7,5,10;4,6,8,9,13,12,2,1,0,4/q
399,166;316,84;316,167;290,142;340,192;398,251;340,309;457,428;291,428;290,260;281,250;239,312;238,428;121,428;173,375;173,142;232,84/9,8,7;9,14,15;12,11,13;1,2,5,0;3,16,15;16,1,2;4,10,6,5/10,15,3,4,10;16,15,14,13,12,11,9,8,7,6,5,0,1,16/r
256,368;172,368;90,451;174,451;292,451;409,333;291,332;291,215;232,273;233,156;173,215;339,165;281,107;340,48;173,48/10,14,13;7,5,4;4,6,3;3,2,1,0;6,8,7;12,13,11;7,9,10,8/12,9,5,4,2,1,0,6,10,14,13,11,12/s
299,272;298,357;298,441;215,441;215,358;215,273;299,191;215,192;423,275;339,190;424,108;256,108;174,191;90,275;90,108/11,14,13;11,10,8;12,11,9;5,4,2,1;0,1,5;4,3,2;7,6,0,5/13,14,10,8,9,6,2,3,7,12,13/t
381,54;321,113;321,230;381,172;380,338;371,338;255,455;137,338;214,338;131,338;131,256;215,170;131,170;214,86;131,87/7,6,5;4,8,3;11,10,8;2,1,0,3;11,12,10;10,9,8;12,11,13,14/1,2,8,13,14,9,7,6,5,4,0,1/u
505,164;360,163;360,205;308,257;360,308;308,360;256,308;257,411;205,359;154,308;154,205;154,163;9,164/1,0,4;12,11,9;9,10,6;6,9,8,5;5,7,8;3,2,4;4,5,6,3/1,2,6,10,11,12,7,0,1/v
354,404;503,255;453,305;454,206;355,305;290,305;290,234;220,235;220,305;255,305;157,404;155,304;58,305;106,255;57,205;7,255/12,10,9;9,0,2;4,3,2;11,13,15,12;14,15,13;3,1,2;5,8,7,6/14,15,10,9,0,1,3,4,5,6,7,8,11,14/w
464,407;213,406;47,406;214,324;297,407;297,322;298,239;380,155;298,155;272,180;213,240;154,180;214,121;95,122/6,0,4;1,2,10;10,8,5;5,4,3,10;13,12,11;8,7,6;10,9,12,11/9,12,13,10,2,1,3,4,0,6,7,8,9/x
305,462;188,463;305,344;305,226;365,167;424,108;365,50;305,109;246,167;187,227;129,168;187,109;69,109/7,9,2;9,2,1;1,0,2;3,4,6,7;11,12,10;6,5,4;8,11,10,9/3,0,1,9,12,11,8,6,5,3/y
415,340;332,422;332,339;248,423;249,339;165,423;331,257;165,257;248,174;164,174;331,92;246,92;80,92/7,6,10;6,7,5;12,11,9;9,8,10,11;4,5,3;2,0,1;1,3,4,2/6,10,12,9,8,7,5,1,0,4,6/z
425,390;341,222;425,222;424,139;341,138;341,306;258,389;175,306;175,222;175,138;90,389;91,222;91,139/6,0,2;11,10,6;6,7,5;12,11,7,8;1,5,2;12,9,8;4,3,2,1/4,5,7,9,12,10,0,3,4/ao
489,202;489,285;406,285;406,202;324,285;321,203;238,202;238,286;238,338;238,172;154,256;71,173;72,337;272,373;38,373/10,14,13;8,9,11;11,12,10;5,7,4,3;5,6,7;4,2,3;3,0,1,2/0,6,9,11,12,14,13,8,7,1,0/axe
411,388;352,446;294,389;245,389;186,448;127,388;353,329;436,246;270,246;405,162;289,46;172,162;187,163;186,245;186,330;103,247;103,163/12,14,6;11,10,9;7,8,6;14,13,16,15;14,3,4;4,5,14;2,1,0,6/11,10,9,12,8,7,6,0,1,2,6,14,3,4,5,14,15,16,13,12,11/baby_carriage
333,408;168,408;335,323;251,324;168,324;336,239;251,240;418,322;387,289;503,173;269,173;167,241;83,324;116,291;233,173;0,174/10,9,8;14,15,13;3,1,0;6,5,7,2;2,3,6;11,12,4;4,11,6,3/14,15,13,12,3,1,0,3,7,8,9,10,5,11,14/balance
330,444;272,501;213,444;272,384;330,206;389,266;270,266;212,207;154,266;271,148;389,148;152,147;270,29/12,10,11;8,3,5;5,9,10;4,7,6,5;11,8,7;7,8,6;3,2,1,0/12,11,8,3,2,1,0,3,5,10,12;11;9,4,7,11,9/balloon
310,135;252,76;193,135;503,238;337,238;336,278;252,194;170,278;336,321;253,321;169,321;337,405;253,404;169,405;168,238;2,238/4,3,11;13,14,15;7,6,5;9,8,12,13;13,10,9;8,12,11;6,2,1,0/6,7,14,15,13,11,3,4,5,6,0,1,2,6;10,7,5,8,10/bath
459,295;459,211;375,211;375,295;498,295;381,413;346,378;180,378;263,295;143,413;26,297;149,296;65,295;231,212;148,212;231,128;147,128/8,4,5;8,9,10;8,7,6;12,11,13,14;2,3,1;1,0,3;14,13,15,16/2,3,11,13,15,16,14,12,10,9,7,6,5,4,0,1,2/bathtub
299,381;216,380;216,298;300,297;376,373;493,256;425,255;343,254;424,172;341,172;257,255;139,372;23,256;90,255;174,172;90,171/12,11,10;10,4,5;14,13,10;10,9,8,7;15,14,13;7,6,8;2,1,0,3/10,14,15,13,12,11,2,1,0,3,2,10,4,5,6,8,9,10/bauta
374,473;290,474;124,474;292,391;207,391;250,391;308,332;190,332;367,272;367,155;308,214;249,274;190,215;132,273;131,155;249,37/15,14,11;11,9,15;4,2,1;1,0,3,4;12,13,14;10,9,8;11,7,5,6/11,10,8,9,15,14,13,12,11,7,5,4,2,0,3,5,6,11/bedside_lamp
352,434;175,375;234,316;175,258;293,258;352,317;352,80;234,198;115,434;116,316;116,81/7,10,9;7,6,5;5,2,0;8,1,3,9;3,1,2;2,4,5;2,3,7,4/10,8,2,0,6,7,10/bow_tie
396,401;233,400;149,400;314,318;230,318;314,235;231,235;480,151;313,152;232,152;65,152/10,9,4;3,8,7;3,1,0;4,2,1,3;6,9,8;8,6,5;6,4,3,5/10,7,3,0,2,4,10/bowl
408,310;290,143;456,143;457,310;290,310;290,192;231,251;348,369;232,369;232,284;149,202;148,285;65,285;65,202/1,2,3;3,1,4;6,8,7;8,9,10,11;4,0,7;6,5,4;11,12,13,10/2,1,5,6,9,10,13,12,11,8,7,0,3,2/brush
89,280;18,325;63,395;90,447;172,364;408,364;450,405;450,322;367,322;308,262;290,246;390,179;225,179;256,280;252,279;168,279;169,196;86,197;128,195;187,136;70,136;129,77/0,3,13;10,4,5;9,11,12;16,17,15,14;0,1,2;8,7,6;18,20,21,19/18,19,21,20,18,17,15,0,1,2,0,3,4,5,6,7,8,9,11,12,10,13,14,16,18/bullfight
410,403;245,404;328,320;244,153;369,69;370,152;287,152;412,154;411,320;244,320;244,278;244,194;161,194;161,278;161,294;101,354;160,177;101,236;101,118/3,7,9;9,8,7;2,1,0;14,15,17,16;6,5,4;18,17,16;12,11,10,13/18,15,14,13,10,9,2,1,0,2,8,7,5,4,6,3,11,12,16,18/camera
347,469;346,386;347,303;380,503;145,504;180,468;180,304;263,386;380,269;145,268;305,267;221,268;304,184;222,184;263,184;322,124;263,66;322,7/7,4,3;7,9,8;6,5,7;14,16,17,15;1,0,7;7,1,2;11,13,12,10/14,15,17,16,14,13,11,9,6,5,4,3,0,2,8,10,12,14/candle
288,38;228,97;229,214;288,155;202,215;285,215;202,298;244,299;285,298;361,298;303,356;361,414;125,299;126,417;77,466;244,465;410,464/7,15,16;15,14,7;7,12,13;2,1,0,3;9,11,10;10,9,7;8,5,4,6/2,3,0,1,2,4,6,12,13,14,16,11,9,8,5,2/candlestick
426,390;342,472;342,305;176,306;176,222;92,221;319,112;202,112;175,138;92,137;259,54;175,54/8,3,2;2,1,3;1,0,2;9,8,10,11;4,5,3;7,6,10;9,8,4,5/7,6,10,11,9,5,1,0,8,7/candy_cane
430,442;264,442;98,442;264,275;306,275;222,275;390,190;306,190;221,190;390,107;223,107;137,191;137,107/3,1,0;2,1,3;7,10,9;12,10,7,8;9,6,7;8,11,12;8,7,4,5/7,6,9,12,11,8,5,3,2,0,3,4,7/cap
304,439;221,439;304,355;219,355;388,272;136,272;221,272;485,213;367,213;426,271;258,271;91,272;32,213;149,213;258,105/10,9,14;14,10,11;6,4,2;2,3,5,6;8,7,9;12,13,11;3,1,0,2/12,11,5,3,1,0,2,4,9,7,8,14,13,12/cap1
411,300;411,466;328,466;327,383;244,383;244,467;161,467;160,383;245,300;161,216;244,216;161,133;244,50;161,50/9,7,3;8,0,1;11,10,12;11,9,8,10;3,2,1;11,13,12;7,6,5,4/13,6,5,4,3,2,1,0,8,12,13/chair
441,320;442,237;358,154;274,154;274,237;358,237;358,404;190,404;190,238;107,320;107,237;191,154/5,6,7;7,8,5;10,11,4;2,1,0,5;11,3,4;8,9,10;3,2,5,4/11,10,9,8,7,6,5,0,1,2,11/clothes
439,482;439,316;414,340;356,399;296,340;355,281;238,282;295,221;177,457;60,340;178,221;236,162;119,280;119,46/13,11,12;10,9,8;3,0,1;6,5,7,10;10,11,7;6,4,5;5,4,3,2/13,12,9,8,10,0,1,2,13/compasses
473,193;473,360;389,360;389,276;299,360;216,359;300,277;224,276;215,276;306,193;222,193;139,276;139,360;55,360;55,193/9,0,1;10,14,13;9,7,3;10,11,7,9;3,1,2;11,13,12;5,8,6,4/14,0,1,2,3,6,4,5,8,11,12,13,14/council_board
507,213;422,213;422,297;422,380;340,380;340,297;173,379;89,380;172,296;88,296;6,214;371,212;256,213;170,212;136,212;253,95/15,14,11;12,1,3;13,10,9;13,12,8,9;1,0,2;5,4,3;6,7,9,8/15,14,10,9,7,6,8,12,5,4,3,2,0,11,15/crown
380,488;297,488;380,404;439,346;381,286;296,321;322,345;322,227;380,168;262,286;262,215;262,50;97,50/12,11,10;11,9,8;5,1,2;7,8,4,6;6,9,7;2,1,0;2,6,4,3/8,11,12,10,9,5,1,0,2,3,4,8/dagger
303,471;303,385;469,219;385,218;302,304;218,303;218,220;301,219;302,135;218,51;218,136;135,220;50,304;135,304/13,4,0;1,2,7;7,11,10;10,9,8,7;12,13,11;7,3,8;11,6,5,13/9,10,12,13,0,1,2,3,9;6,7,4,5,6/dart
399,172;458,232;342,232;400,290;280,408;281,172;222,231;163,291;104,232;163,172;364,172;198,173;281,89/5,3,4;4,7,5;11,12,10;5,0,1,2;5,6,9;2,1,3;6,7,8,9/12,11,9,8,4,1,0,10,12/diamond
386,238;385,404;302,405;303,322;219,404;219,322;136,405;136,321;136,239;303,238;220,238;468,155;303,155;220,155;53,155/14,13,5;12,11,3;3,0,1;8,5,4,7;7,6,4;3,2,1;10,13,12,9/14,11,0,1,2,9,10,4,6,8,14/door
357,433;357,268;274,350;190,433;190,267;157,232;392,233;375,232;375,116;316,174;233,173;174,232;173,115;316,139;233,140;316,56;232,56/1,0,3;2,5,6;4,3,2;11,10,16,12;15,8,9;9,7,8;13,14,16,15/5,11,12,16,15,8,7,6,1,0,3,4,5;11;14,10,11,7,9,13,14/door_lock
143,416;227,416;310,416;393,416;311,332;227,332;310,249;393,249;352,248;145,249;186,248;352,82;186,82/12,10,8;8,11,12;9,6,5;5,4,7,6;5,0,1;2,3,4;4,5,1,2/12,10,9,5,0,3,4,7,8,11,12/doraemon
508,388;426,306;343,306;343,390;260,389;259,306;176,389;94,388;176,306;10,388;94,305;259,139/11,10,5;5,1,11;1,0,3;10,9,7,8;5,2,3;3,1,2;4,6,8,5/11,9,7,8,6,4,5,3,0,11/double_tent
336,454;170,455;253,371;372,253;313,194;372,135;313,75;303,84;253,134;220,168;136,252;135,168;218,83/10,2,3;3,8,10;2,1,0;11,9,7,12;11,10,9;5,4,3;4,5,6,8/12,11,10,2,1,0,2,3,5,6,7,12/drumstick
259,352;200,411;318,412;436,293;319,176;318,294;201,293;141,352;141,235;82,294;201,177;259,234;376,117;141,117/4,3,2;13,12,11;5,1,2;10,8,7,6;6,11,5;8,9,7;1,0,6,7/13,12,4,3,2,1,9,10,13,10;6,0,5,6,10,11,6;4,11,5,4/earthen_jar
477,354;477,186;311,354;311,187;310,312;310,228;227,312;227,229;228,186;227,270;226,354;144,272;143,354;144,187;61,270/3,1,0;0,2,3;13,14,12;11,13,9,10;9,8,13;11,12,10;6,4,5,7/8,13,14,12,10,6,4,2,0,1,3,5,7,8/electric_drill
256,366;340,282;423,282;506,282;506,199;423,200;256,200;255,284;173,366;173,283;90,366;90,200;89,284;6,366;6,200/6,5,0;10,11,6;14,13,12;9,8,7,6;14,11,12;1,2,5;5,4,3,2/4,14,13,12,10,9,8,7,0,1,3,4/electric_saw
375,426;141,426;317,367;376,308;317,250;258,309;199,367;140,308;199,249;375,191;140,191;303,190;219,190;386,106;221,106;136,107/5,1,0;5,9,10;14,13,11;11,12,15,14;8,7,5;5,7,6;2,5,4,3/15,13,11,9,4,3,2,0,1,6,7,8,10,12,15/elevator
445,255;279,256;362,173;303,231;219,281;219,448;52,448;136,281;52,281;136,197;219,198;245,173;302,114;219,115/8,4,5;5,6,8;1,0,2;8,7,10,9;13,12,10;10,9,13;11,3,2,12/3,1,0,12,13,8,6,5,4,7,11,3/eye_protection
463,252;404,193;345,251;404,396;462,337;346,336;345,384;178,384;345,217;176,282;177,366;95,285;95,201;177,217;261,217;343,132;179,132;379,252;379,336/8,6,7;7,13,8;14,15,16;12,11,10,9;2,1,0;5,3,4;4,18,17,0/14,15,16,14,13,9,12,11,10,7,6,5,3,4,0,1,2,8,14;2,17,18,5,2/filter_pot
210,480;126,480;334,397;293,398;208,397;169,397;251,313;310,254;193,255;252,195;335,230;168,230;252,146;168,147;335,147;367,147;132,146;250,30/16,17,15;10,2,5;5,6,11;4,3,0,1;11,13,12;12,14,10;7,9,8,6/16,17,15,14,2,3,0,1,4,5,13,16;8,11,12,10,7,9,8/firecracker
311,195;310,278;336,304;393,277;394,363;335,422;334,339;251,339;251,422;85,422;168,338;168,173;84,256;251,89;85,89/12,9,8;14,13,12;12,10,11;1,0,3,4;4,5,2;10,7,8;8,5,6,7/13,14,9,5,4,3,0,1,2,6,10,11,13/fishhook
222,425;281,425;114,425;114,258;448,424;448,259;339,365;322,365;222,366;240,365;323,282;239,282;281,282;364,200;198,199;281,198;340,139;280,82;340,22;339,425;281,484/1,4,5;1,2,3;14,13,12;15,17,18,16;8,1,6;0,20,19;9,7,10,11/17,18,16,15,13,12,10,7,6,5,4,19,20,0,2,3,8,9,11,12,14,15,17/flower_pot
357,436;190,436;143,268;190,269;227,269;311,268;356,269;394,269;477,186;392,185;311,185;227,185;60,185/3,6,0;0,1,3;12,11,2;9,8,7,5;4,11,2;10,9,5;5,4,11,10/12,8,7,6,0,1,3,2,12/fruit_cup
256,335;339,418;173,418;491,214;373,332;256,331;315,273;197,273;138,332;20,215;297,213;255,214;214,214;297,130;214,130/11,3,4;9,8,11;0,2,1;7,5,4,6;11,7,6;7,5,8;12,14,13,10/9,8,4,3,10,13,14,12,9;2,0,1,2/fruit_dish
338,446;172,446;172,362;171,278;255,362;337,280;373,245;138,245;293,244;209,244;293,160;208,161;375,79;290,79;125,78/5,0,1;7,6,4;11,14,13;13,12,10,11;3,2,4;4,1,2;9,8,10,11/14,12,10,8,6,5,0,1,3,7,9,11,14/funnel
396,323;314,323;147,241;147,407;396,407;313,407;313,241;397,241;383,123;266,123;266,155;266,240;183,158;184,74/6,5,3;3,2,6;11,9,8;10,11,12,13;6,1,0;0,7,6;1,0,4,5/11,8,9,10,13,12,11,2,3,4,7,11/gift
313,433;148,433;231,350;172,290;290,289;348,348;407,289;408,170;349,230;349,111;317,258;150,258;317,90;150,90/10,12,13;13,11,10;2,1,0;3,2,5,4;9,7,8;8,7,6;6,8,4,5/10,12,13,11,10;9,8,4,3,2,1,0,2,5,6,7,9/globe
335,442;170,442;253,359;193,359;309,359;368,298;311,240;417,132;252,298;133,298;192,239;252,132;85,132;311,131;194,131;253,73/11,8,7;12,11,8;2,1,0;9,3,4,8;8,10,9;14,15,13;6,5,4,8/6,7,13,15,14,12,10,9,3,2,1,0,2,4,5,6/goblet
284,353;367,438;201,438;118,437;201,354;202,271;285,271;368,188;368,104;285,187;201,187;202,104;118,187;117,104/5,2,1;0,9,12;11,8,9;9,6,7,8;4,3,2;11,9,10;10,11,13,12/13,8,7,6,0,1,3,4,5,12,13/grail
479,311;479,229;395,229;311,312;229,229;395,394;329,455;388,395;271,396;211,455;228,396;228,313;151,396;145,396;145,312;145,208;145,146;27,208;145,91/16,14,3;4,2,5;18,17,15;8,9,6,7;12,9,8;2,1,0;14,11,10,13/18,17,15,13,12,9,6,7,10,11,3,5,2,0,1,4,16,18/greek_gift
302,247;351,246;445,222;503,162;385,162;327,221;302,364;268,246;268,162;183,246;183,162;182,330;65,446;65,211;16,162/13,12,11;11,10,14;9,0,6;5,2,3,4;8,7,1;5,4,8;8,10,9,7/14,3,2,5,1,0,6,9,11,12,13,14/gun
467,451;301,451;403,385;302,284;237,219;322,218;405,218;488,135;405,135;321,135;211,193;153,134;94,193;35,134/3,1,0;4,6,2;9,4,11;11,13,12,10;4,5,9;8,7,6;6,5,9,8/13,7,6,2,0,1,3,10,12,13/gun1
268,414;101,414;18,414;102,330;102,246;204,349;205,265;289,265;373,265;491,265;491,147;455,182;370,182;288,182;205,182;38,182/4,1,0;15,14,5;8,9,10;11,12,7,8;3,2,1;13,12,7;7,6,14,13/15,11,10,9,6,5,0,2,3,4,15/gun2
461,263;461,146;426,180;343,264;259,262;340,180;258,180;258,347;268,358;150,358;92,417;33,358;150,239;92,298;92,180;33,240/8,12,11;14,6,7;3,0,1;2,5,4,3;9,10,11;6,5,4;13,15,14,12/2,14,15,13,11,10,9,8,7,4,0,1,2/gun3