225.125,31.75;141.875,114.75;308,114.875;182,115.375;265.375,115.875;182.25,198.375;265.625,198.25;106.5,198.625;341.375,198.5;268.125,272.375;223,315.625;149,390;383.875,389.5;66.875,472.875;150.25,473.625;233.75,390.125;300.75,390.125;382.875,472;467.25,472.5/9,11,12;7,10,8;0,1,2;13,14,15,11;12,17,18;16,17,12;3,5,6,4/0,1,3,5,7,10,13,14,15,16,17,18,9,8,6,4,2,0/tangram1
240.625,18.125;181.5,76.25;240.375,135.25;299.625,77;158.125,149.375;324.75,150.125;158.375,315.375;256.125,218.125;255.75,336.5;374.375,336.375;88.625,384.875;6.375,467.875;89.875,468.125;172.5,384.75;255.625,467.625;256.125,384.625;410,371.5;410.875,454.5;494,454.125/4,6,5;10,15,7;8,9,7;12,13,10,11;17,16,18;14,15,13;1,2,3,0/0,1,2,3,0;4,6,11,12,13,14,8,9,7,5,4;16,17,18,16/tangram2
228.25,502.5;311,502.625;311.375,419.5;269.75,460.375;387,342.75;353,307.25;436.5,139.25;353.25,222.625;269.5,224.125;185.625,340.5;67.625,223.125;185.5,105.875;186,139.875;269.875,139.75;352,80;293.75,138.875;235,80;293.375,21.625/11,10,9;8,3,4;13,7,6;13,8,5,7;12,8,13;0,1,2;17,16,15,14/17,16,15,12,11,10,9,12,8,3,0,1,2,4,5,7,6,15,14,17/tangram3
200.5,73.625;117.625,157;201,157.125;236.375,157.5;176.75,216.375;118.125,274.625;58.5,215.625;58.5,333.5;175.75,333;294.25,215.25;411.875,332.625;471,392.125;354.875,392.75;295.125,333.75;177.25,451.5/7,14,13;8,9,10;8,7,6;12,11,10,13;4,1,3;2,1,0;5,4,1,6/0,1,6,7,14,13,12,11,10,9,8,5,4,3,2,0/tangram4
261.125,434.875;261.25,352.125;178.125,352.625;178,435.5;94,435.625;93.625,386.25;35.125,444.75;34.875,327.25;93.875,269;260.375,269;310,218.625;344.625,185.375;428.875,185.625;428.75,102;310.375,102;344.375,435.25;344.75,352.25/4,8,9;2,16,11;10,14,13;6,5,8,7;11,12,13;4,3,2;1,0,15,16/14,10,9,8,7,6,5,4,3,2,1,0,15,16,11,12,13,14/tangram5
210.875,32;93.25,150.375;93.5,269.125;152.375,210.75;174,232.375;173.875,466.5;292,349.5;388,444.75;388,327.875;446.75,268.5;388,209.5;328.625,268;211,268.25;211.5,114.75;294.75,32;271.25,328/4,5,6;12,0,1;15,8,7;11,12,15,8;3,2,1;13,0,14;10,11,8,9/14,0,1,2,3,4,5,6,7,8,9,10,11,12,13,14/tangram6
303.875,241.75;303.75,325.25;220,325.25;219.75,241.625;379.75,240.875;298.75,159;381.25,159;463.875,241.875;379.875,325.625;262.125,443.75;141.875,327;142.75,241.875;57.75,242.25;140.875,158.875;225.25,159;262.75,123/10,9,8;11,4,15;6,8,7;14,13,12,11;12,10,11;5,6,4;3,2,1,0/15,14,13,12,9,7,6,5,15;11,3,2,10,11;0,4,8,1,0/tangram7
305.25,59.125;246.625,118;305.75,176.625;363.625,117.875;248.875,176.625;248,296;365,176.875;364.5,293.625;423.5,236;423.875,352.5;364.125,413;129.75,413.25;44.125,381.125;103.125,439.625;161.625,381/6,5,10;5,10,11;5,4,6;8,7,10,9;14,13,12;6,7,8;0,1,2,3/0,1,2,4,5,14,12,13,11,10,9,8,6,2,3,0/tangram8
379.625,259;312,259.25;268,303.375;268.375,419.75;208.75,479;208.375,362.625;145.125,426.25;144.75,488.25;61.75,405.25;144.875,321.625;145.125,258.875;321.875,81.75;262.75,140.875;204.375,81.375;263.25,22.75;331.625,181.625;390,240.625;448.75,181.5;390.125,122.5/12,10,0;1,10,6;9,8,7;5,2,3,4;18,15,17;15,16,17;12,11,14,13/14,13,12,10,9,8,7,6,5,4,3,2,1,0,12,11,14;15,16,17,18,15/tangram9
369,60;310,120;369,178;428,119;310,237;292,237;236,180;178,238;260,321;110,321;227,438;394,439;394,272;428,238;344,238;345,321/12,10,11;9,10,15;14,8,7;14,8,15,13;2,4,13;6,7,5;0,1,2,3/0,1,2,4,5,6,7,8,9,10,11,12,13,2,3,0/tangram10
231,9;230,92;172,33;113,92;260,64;315,9;319,123;260,181;201,122;142,181;142,298;202,239;218,140;218,375;336,258;335,492;349,507;232,508;232,390/14,13,15;12,13,14;18,17,16;10,11,8,9;1,0,5;2,3,1;4,8,7,6/0,1,2,3,1,9,10,11,8,12,13,18,17,16,15,14,7,6,4,5,0/tangram11
321,22;238,104;405,346;322,346;322,429;322,500;153,500;237,416;155,334;155,419;96,361;155,302;322,334;154,166;154,189;70,188;70,105;155,105;237,22/8,5,12;8,13,12;7,6,5;18,17,1,0;3,4,2;10,9,11;14,15,16,17/18,17,16,15,14,11,10,9,8,7,6,5,4,2,3,12,13,17,1,0,18/tangram12
181.375,5.375;122.75,64.5;149.75,92.75;181.625,123.75;240.375,64.625;149.625,211.375;90,270.75;150.125,328.125;90.375,387.625;208.75,505.75;209,270.375;268,210.875;312.125,172;312,255.5;396,255.25;395.875,171.75;378,255.875;295,339.75;377.75,423/2,7,11;10,8,9;17,16,18;5,6,8,7;12,13,14;15,12,14;0,1,3,4/0,1,2,5,6,8,9,10,11,3,4,0;12,13,16,17,18,16,14,15,12/tangram13
141,95;225,94;58,176;142,177;58,261;142,261;58,343;142,344;260,344;259,462;308,344;427,463;427,296;486,296;427,237;368,296;261,296/16,12,11;10,7,3;7,8,9;0,1,3,2;14,15,13;6,4,5;3,2,4,5/0,2,6,5,7,9,8,10,11,12,13,14,15,16,3,1,0/sheep2